Lk surface

Theta = 0.00049

Maximum at 4Ner(region) = 0.000 : Lk = -20779172.837



4Ner(region)   Pairwise Lk

    0.00  -20779172.837
    0.50  -20781103.580
    1.00  -20783440.952
    1.50  -20786132.630
    2.00  -20788312.318
    2.50  -20789728.813
    3.00  -20790635.065
    3.50  -20791288.780
    4.00  -20791767.940
    4.50  -20792086.136
    5.00  -20792247.112
    5.50  -20792271.666
    6.00  -20792206.556
    6.50  -20792101.590
    7.00  -20791993.511
    7.50  -20791907.176
    8.00  -20791852.410
    8.50  -20791832.304
    9.00  -20791844.060
    9.50  -20791881.265
   10.00  -20791937.819
   10.50  -20792009.783
   11.00  -20792093.695
   11.50  -20792187.320
   12.00  -20792288.030
   12.50  -20792396.071
   13.00  -20792509.710
   13.50  -20792627.311
   14.00  -20792746.964
   14.50  -20792867.134
   15.00  -20792986.646
   15.50  -20793102.809
   16.00  -20793214.663
   16.50  -20793321.086
   17.00  -20793421.642
   17.50  -20793515.706
   18.00  -20793603.080
   18.50  -20793684.673
   19.00  -20793762.576
   19.50  -20793837.357
   20.00  -20793910.635
   20.50  -20793983.755
   21.00  -20794058.642
   21.50  -20794136.644
   22.00  -20794218.973
   22.50  -20794305.856
   23.00  -20794398.120
   23.50  -20794496.472
   24.00  -20794600.842
   24.50  -20794711.149
   25.00  -20794827.021
   25.50  -20794947.537
   26.00  -20795072.264
   26.50  -20795200.174
   27.00  -20795330.464
   27.50  -20795461.967
   28.00  -20795594.098
   28.50  -20795725.953
   29.00  -20795856.729
   29.50  -20795986.043
   30.00  -20796113.090
   30.50  -20796237.237
   31.00  -20796358.782
   31.50  -20796477.263
   32.00  -20796592.634
   32.50  -20796704.864
   33.00  -20796814.295
   33.50  -20796921.118
   34.00  -20797025.416
   34.50  -20797127.473
   35.00  -20797227.613
   35.50  -20797326.019
   36.00  -20797422.762
   36.50  -20797518.406
   37.00  -20797612.924
   37.50  -20797706.554
   38.00  -20797799.606
   38.50  -20797891.923
   39.00  -20797983.665
   39.50  -20798075.014
   40.00  -20798165.958
   40.50  -20798256.548
   41.00  -20798346.660
   41.50  -20798436.279
   42.00  -20798525.318
   42.50  -20798613.472
   43.00  -20798700.700
   43.50  -20798786.875
   44.00  -20798871.966
   44.50  -20798955.762
   45.00  -20799038.301
   45.50  -20799119.455
   46.00  -20799198.859
   46.50  -20799276.483
   47.00  -20799352.394
   47.50  -20799426.521
   48.00  -20799498.793
   48.50  -20799569.072
   49.00  -20799637.493
   49.50  -20799704.112
   50.00  -20799769.113
   50.50  -20799832.443
   51.00  -20799894.186
   51.50  -20799954.360
   52.00  -20800013.114
   52.50  -20800070.611
   53.00  -20800126.890
   53.50  -20800182.195
   54.00  -20800236.685
   54.50  -20800290.410
   55.00  -20800343.548
   55.50  -20800396.261
   56.00  -20800448.592
   56.50  -20800500.725
   57.00  -20800552.724
   57.50  -20800604.691
   58.00  -20800656.739
   58.50  -20800708.958
   59.00  -20800761.400
   59.50  -20800814.231
   60.00  -20800867.444
   60.50  -20800921.127
   61.00  -20800975.174
   61.50  -20801029.743
   62.00  -20801084.631
   62.50  -20801139.939
   63.00  -20801195.682
   63.50  -20801251.898
   64.00  -20801308.516
   64.50  -20801365.473
   65.00  -20801422.785
   65.50  -20801480.468
   66.00  -20801538.360
   66.50  -20801596.511
   67.00  -20801654.883
   67.50  -20801713.375
   68.00  -20801772.020
   68.50  -20801830.719
   69.00  -20801889.443
   69.50  -20801948.157
   70.00  -20802006.780
   70.50  -20802065.450
   71.00  -20802124.055
   71.50  -20802182.574
   72.00  -20802240.921
   72.50  -20802299.112
   73.00  -20802357.106
   73.50  -20802414.897
   74.00  -20802472.442
   74.50  -20802529.745
   75.00  -20802586.829
   75.50  -20802643.675
   76.00  -20802700.237
   76.50  -20802756.557
   77.00  -20802812.630
   77.50  -20802868.489
   78.00  -20802924.140
   78.50  -20802979.564
   79.00  -20803034.771
   79.50  -20803089.759
   80.00  -20803144.544
   80.50  -20803199.181
   81.00  -20803253.679
   81.50  -20803308.055
   82.00  -20803362.294
   82.50  -20803416.419
   83.00  -20803470.430
   83.50  -20803524.372
   84.00  -20803578.170
   84.50  -20803631.917
   85.00  -20803685.632
   85.50  -20803739.236
   86.00  -20803792.746
   86.50  -20803846.242
   87.00  -20803899.720
   87.50  -20803953.092
   88.00  -20804006.420
   88.50  -20804059.748
   89.00  -20804113.022
   89.50  -20804166.281
   90.00  -20804219.526
   90.50  -20804272.691
   91.00  -20804325.831
   91.50  -20804378.999
   92.00  -20804432.142
   92.50  -20804485.229
   93.00  -20804538.246
   93.50  -20804591.209
   94.00  -20804644.126
   94.50  -20804696.978
   95.00  -20804749.735
   95.50  -20804802.393
   96.00  -20804855.012
   96.50  -20804907.530
   97.00  -20804959.913
   97.50  -20805012.252
   98.00  -20805064.440
   98.50  -20805116.524
   99.00  -20805168.516
   99.50  -20805220.346
  100.00  -20805272.080
