Lk surface

Theta = 0.00049

Maximum at 4Ner(region) = 1.000 : Lk = -20372618.051



4Ner(region)   Pairwise Lk

    0.00  -20386887.200
    0.50  -20377031.571
    1.00  -20372618.051
    1.50  -20375743.366
    2.00  -20379386.117
    2.50  -20381692.110
    3.00  -20382776.273
    3.50  -20383091.912
    4.00  -20382980.526
    4.50  -20382650.607
    5.00  -20382251.507
    5.50  -20381877.701
    6.00  -20381586.069
    6.50  -20381401.714
    7.00  -20381319.188
    7.50  -20381316.436
    8.00  -20381367.454
    8.50  -20381451.753
    9.00  -20381552.724
    9.50  -20381662.891
   10.00  -20381776.998
   10.50  -20381893.443
   11.00  -20382013.572
   11.50  -20382137.181
   12.00  -20382263.848
   12.50  -20382393.994
   13.00  -20382526.609
   13.50  -20382658.603
   14.00  -20382788.988
   14.50  -20382916.488
   15.00  -20383039.916
   15.50  -20383158.162
   16.00  -20383271.284
   16.50  -20383379.210
   17.00  -20383481.804
   17.50  -20383579.234
   18.00  -20383672.675
   18.50  -20383763.264
   19.00  -20383851.461
   19.50  -20383939.376
   20.00  -20384027.582
   20.50  -20384117.613
   21.00  -20384210.036
   21.50  -20384305.588
   22.00  -20384405.753
   22.50  -20384510.873
   23.00  -20384620.671
   23.50  -20384735.915
   24.00  -20384856.365
   24.50  -20384981.452
   25.00  -20385111.420
   25.50  -20385245.694
   26.00  -20385383.760
   26.50  -20385525.210
   27.00  -20385669.408
   27.50  -20385815.491
   28.00  -20385963.338
   28.50  -20386112.333
   29.00  -20386261.816
   29.50  -20386411.144
   30.00  -20386559.879
   30.50  -20386707.241
   31.00  -20386852.677
   31.50  -20386996.098
   32.00  -20387137.090
   32.50  -20387275.407
   33.00  -20387410.763
   33.50  -20387543.265
   34.00  -20387672.411
   34.50  -20387798.364
   35.00  -20387921.005
   35.50  -20388040.252
   36.00  -20388156.114
   36.50  -20388268.555
   37.00  -20388377.512
   37.50  -20388483.033
   38.00  -20388585.101
   38.50  -20388683.823
   39.00  -20388779.433
   39.50  -20388872.214
   40.00  -20388962.177
   40.50  -20389049.250
   41.00  -20389133.381
   41.50  -20389214.815
   42.00  -20389293.857
   42.50  -20389370.608
   43.00  -20389445.158
   43.50  -20389517.449
   44.00  -20389587.947
   44.50  -20389656.832
   45.00  -20389724.135
   45.50  -20389789.948
   46.00  -20389854.475
   46.50  -20389917.804
   47.00  -20389979.932
   47.50  -20390041.074
   48.00  -20390101.371
   48.50  -20390160.900
   49.00  -20390219.741
   49.50  -20390278.082
   50.00  -20390336.230
   50.50  -20390394.151
   51.00  -20390451.909
   51.50  -20390509.607
   52.00  -20390567.395
   52.50  -20390625.253
   53.00  -20390683.444
   53.50  -20390741.896
   54.00  -20390800.692
   54.50  -20390859.694
   55.00  -20390919.119
   55.50  -20390979.099
   56.00  -20391039.667
   56.50  -20391100.840
   57.00  -20391162.533
   57.50  -20391224.809
   58.00  -20391287.792
   58.50  -20391351.522
   59.00  -20391416.049
   59.50  -20391481.330
   60.00  -20391547.341
   60.50  -20391614.086
   61.00  -20391681.542
   61.50  -20391749.744
   62.00  -20391818.651
   62.50  -20391888.370
   63.00  -20391958.797
   63.50  -20392029.836
   64.00  -20392101.524
   64.50  -20392173.872
   65.00  -20392246.758
   65.50  -20392320.188
   66.00  -20392394.161
   66.50  -20392468.602
   67.00  -20392543.513
   67.50  -20392618.886
   68.00  -20392694.610
   68.50  -20392770.666
   69.00  -20392847.013
   69.50  -20392923.556
   70.00  -20393000.392
   70.50  -20393077.486
   71.00  -20393154.743
   71.50  -20393232.081
   72.00  -20393309.539
   72.50  -20393387.102
   73.00  -20393464.709
   73.50  -20393542.280
   74.00  -20393619.770
   74.50  -20393697.226
   75.00  -20393774.612
   75.50  -20393851.945
   76.00  -20393929.200
   76.50  -20394006.321
   77.00  -20394083.268
   77.50  -20394160.049
   78.00  -20394236.636
   78.50  -20394312.929
   79.00  -20394389.032
   79.50  -20394464.898
   80.00  -20394540.531
   80.50  -20394615.944
   81.00  -20394691.073
   81.50  -20394765.969
   82.00  -20394840.636
   82.50  -20394915.031
   83.00  -20394989.169
   83.50  -20395062.990
   84.00  -20395136.503
   84.50  -20395209.737
   85.00  -20395282.689
   85.50  -20395355.322
   86.00  -20395427.687
   86.50  -20395499.753
   87.00  -20395571.498
   87.50  -20395642.943
   88.00  -20395714.079
   88.50  -20395784.888
   89.00  -20395855.407
   89.50  -20395925.629
   90.00  -20395995.507
   90.50  -20396065.095
   91.00  -20396134.380
   91.50  -20396203.378
   92.00  -20396272.039
   92.50  -20396340.394
   93.00  -20396408.424
   93.50  -20396476.091
   94.00  -20396543.412
   94.50  -20396610.372
   95.00  -20396677.033
   95.50  -20396743.381
   96.00  -20396809.354
   96.50  -20396874.970
   97.00  -20396940.229
   97.50  -20397005.070
   98.00  -20397069.496
   98.50  -20397133.488
   99.00  -20397197.082
   99.50  -20397260.287
  100.00  -20397323.028
