Lk surface

Theta = 0.00051

Maximum at 4Ner(region) = 3.000 : Lk = -20732365.372



4Ner(region)   Pairwise Lk

    0.00  -20736276.847
    0.50  -20740897.265
    1.00  -20742046.125
    1.50  -20738447.400
    2.00  -20735101.846
    2.50  -20733137.065
    3.00  -20732365.372
    3.50  -20732383.664
    4.00  -20732818.473
    4.50  -20733403.725
    5.00  -20733984.431
    5.50  -20734492.142
    6.00  -20734924.471
    6.50  -20735308.221
    7.00  -20735676.865
    7.50  -20736049.521
    8.00  -20736431.268
    8.50  -20736821.819
    9.00  -20737212.690
    9.50  -20737595.506
   10.00  -20737962.116
   10.50  -20738308.240
   11.00  -20738631.769
   11.50  -20738933.372
   12.00  -20739217.813
   12.50  -20739486.501
   13.00  -20739744.020
   13.50  -20739993.333
   14.00  -20740238.991
   14.50  -20740480.591
   15.00  -20740720.256
   15.50  -20740957.418
   16.00  -20741191.638
   16.50  -20741422.730
   17.00  -20741649.612
   17.50  -20741871.723
   18.00  -20742087.294
   18.50  -20742294.485
   19.00  -20742492.958
   19.50  -20742682.458
   20.00  -20742862.668
   20.50  -20743032.231
   21.00  -20743191.847
   21.50  -20743341.488
   22.00  -20743482.149
   22.50  -20743613.555
   23.00  -20743736.525
   23.50  -20743851.531
   24.00  -20743959.449
   24.50  -20744060.693
   25.00  -20744156.599
   25.50  -20744247.501
   26.00  -20744334.713
   26.50  -20744418.588
   27.00  -20744499.128
   27.50  -20744577.175
   28.00  -20744653.494
   28.50  -20744728.205
   29.00  -20744801.595
   29.50  -20744874.039
   30.00  -20744945.842
   30.50  -20745017.148
   31.00  -20745088.004
   31.50  -20745158.350
   32.00  -20745228.429
   32.50  -20745298.427
   33.00  -20745368.120
   33.50  -20745437.801
   34.00  -20745507.197
   34.50  -20745576.255
   35.00  -20745644.905
   35.50  -20745713.406
   36.00  -20745781.897
   36.50  -20745850.404
   37.00  -20745918.979
   37.50  -20745987.567
   38.00  -20746056.111
   38.50  -20746124.590
   39.00  -20746193.250
   39.50  -20746262.054
   40.00  -20746330.955
   40.50  -20746400.194
   41.00  -20746469.802
   41.50  -20746539.692
   42.00  -20746609.887
   42.50  -20746680.568
   43.00  -20746751.692
   43.50  -20746823.172
   44.00  -20746895.046
   44.50  -20746967.185
   45.00  -20747039.900
   45.50  -20747112.922
   46.00  -20747186.345
   46.50  -20747259.962
   47.00  -20747333.851
   47.50  -20747407.969
   48.00  -20747482.250
   48.50  -20747556.623
   49.00  -20747631.059
   49.50  -20747705.525
   50.00  -20747779.881
   50.50  -20747854.147
   51.00  -20747928.211
   51.50  -20748001.881
   52.00  -20748075.165
   52.50  -20748148.213
   53.00  -20748220.786
   53.50  -20748292.974
   54.00  -20748364.708
   54.50  -20748435.856
   55.00  -20748506.425
   55.50  -20748576.393
   56.00  -20748645.754
   56.50  -20748714.477
   57.00  -20748782.548
   57.50  -20748849.851
   58.00  -20748916.478
   58.50  -20748982.311
   59.00  -20749047.543
   59.50  -20749112.147
   60.00  -20749176.005
   60.50  -20749239.217
   61.00  -20749301.709
   61.50  -20749363.533
   62.00  -20749424.680
   62.50  -20749485.184
   63.00  -20749545.125
   63.50  -20749604.508
   64.00  -20749663.252
   64.50  -20749721.466
   65.00  -20749779.145
   65.50  -20749836.207
   66.00  -20749892.731
   66.50  -20749948.815
   67.00  -20750004.395
   67.50  -20750059.472
   68.00  -20750114.260
   68.50  -20750168.619
   69.00  -20750222.562
   69.50  -20750276.041
   70.00  -20750329.075
   70.50  -20750381.752
   71.00  -20750434.161
   71.50  -20750486.317
   72.00  -20750538.072
   72.50  -20750589.475
   73.00  -20750640.567
   73.50  -20750691.369
   74.00  -20750741.911
   74.50  -20750792.198
   75.00  -20750842.242
   75.50  -20750892.043
   76.00  -20750941.590
   76.50  -20750990.954
   77.00  -20751040.098
   77.50  -20751089.063
   78.00  -20751137.795
   78.50  -20751186.312
   79.00  -20751234.618
   79.50  -20751282.818
   80.00  -20751330.979
   80.50  -20751379.017
   81.00  -20751426.919
   81.50  -20751474.794
   82.00  -20751522.580
   82.50  -20751570.331
   83.00  -20751618.095
   83.50  -20751665.877
   84.00  -20751713.656
   84.50  -20751761.460
   85.00  -20751809.340
   85.50  -20751857.328
   86.00  -20751905.416
   86.50  -20751953.582
   87.00  -20752001.868
   87.50  -20752050.268
   88.00  -20752098.854
   88.50  -20752147.664
   89.00  -20752196.688
   89.50  -20752245.921
   90.00  -20752295.403
   90.50  -20752345.124
   91.00  -20752395.068
   91.50  -20752445.240
   92.00  -20752495.707
   92.50  -20752546.514
   93.00  -20752597.695
   93.50  -20752649.236
   94.00  -20752701.168
   94.50  -20752753.395
   95.00  -20752805.990
   95.50  -20752859.039
   96.00  -20752912.571
   96.50  -20752966.610
   97.00  -20753021.118
   97.50  -20753076.111
   98.00  -20753131.624
   98.50  -20753187.597
   99.00  -20753244.109
   99.50  -20753301.183
  100.00  -20753358.858
