Lk surface

Theta = 0.00239

Maximum at 4Ner(region) = 2.500 : Lk = -987635811.875



4Ner(region)   Pairwise Lk

    0.00  -989000505.663
    0.50  -988338151.658
    1.00  -987882670.722
    1.50  -987721707.068
    2.00  -987658869.609
    2.50  -987635811.875
    3.00  -987637158.478
    3.50  -987659009.373
    4.00  -987699028.883
    4.50  -987754064.233
    5.00  -987820417.985
    5.50  -987894774.325
    6.00  -987974405.902
    6.50  -988057338.194
    7.00  -988142385.617
    7.50  -988228847.871
    8.00  -988316384.991
    8.50  -988404804.326
    9.00  -988493946.415
    9.50  -988583669.737
   10.00  -988673864.967
   10.50  -988764388.522
   11.00  -988855129.291
   11.50  -988945991.567
   12.00  -989036887.438
   12.50  -989127749.251
   13.00  -989218523.962
   13.50  -989309169.837
   14.00  -989399657.014
   14.50  -989489956.552
   15.00  -989580051.670
   15.50  -989669926.077
   16.00  -989759557.849
   16.50  -989848934.224
   17.00  -989938046.692
   17.50  -990026869.800
   18.00  -990115387.989
   18.50  -990203588.717
   19.00  -990291456.204
   19.50  -990378970.406
   20.00  -990466118.460
   20.50  -990552876.118
   21.00  -990639232.552
   21.50  -990725171.942
   22.00  -990810686.433
   22.50  -990895769.049
   23.00  -990980417.411
   23.50  -991064626.990
   24.00  -991148391.110
   24.50  -991231713.408
   25.00  -991314597.714
   25.50  -991397047.987
   26.00  -991479069.019
   26.50  -991560668.728
   27.00  -991641853.051
   27.50  -991722628.213
   28.00  -991803000.651
   28.50  -991882975.452
   29.00  -991962559.738
   29.50  -992041756.804
   30.00  -992120571.544
   30.50  -992199011.449
   31.00  -992277076.988
   31.50  -992354770.791
   32.00  -992432094.901
   32.50  -992509051.554
   33.00  -992585643.800
   33.50  -992661871.962
   34.00  -992737738.198
   34.50  -992813243.636
   35.00  -992888390.680
   35.50  -992963182.506
   36.00  -993037618.704
   36.50  -993111701.256
   37.00  -993185433.573
   37.50  -993258818.418
   38.00  -993331858.358
   38.50  -993404555.391
   39.00  -993476911.425
   39.50  -993548930.784
   40.00  -993620617.194
   40.50  -993691973.388
   41.00  -993763002.777
   41.50  -993833708.432
   42.00  -993904094.025
   42.50  -993974162.394
   43.00  -994043916.818
   43.50  -994113362.146
   44.00  -994182500.619
   44.50  -994251336.591
   45.00  -994319873.171
   45.50  -994388112.477
   46.00  -994456058.908
   46.50  -994523715.838
   47.00  -994591085.295
   47.50  -994658170.665
   48.00  -994724975.374
   48.50  -994791502.904
   49.00  -994857755.064
   49.50  -994923734.148
   50.00  -994989443.997
   50.50  -995054886.113
   51.00  -995120063.561
   51.50  -995184978.191
   52.00  -995249632.191
   52.50  -995314027.006
   53.00  -995378165.677
   53.50  -995442049.090
   54.00  -995505679.594
   54.50  -995569059.678
   55.00  -995632190.083
   55.50  -995695072.513
   56.00  -995757708.425
   56.50  -995820099.297
   57.00  -995882246.366
   57.50  -995944151.168
   58.00  -996005815.826
   58.50  -996067241.112
   59.00  -996128428.482
   59.50  -996189379.166
   60.00  -996250094.636
   60.50  -996310576.296
   61.00  -996370824.926
   61.50  -996430841.979
   62.00  -996490629.302
   62.50  -996550187.309
   63.00  -996609516.899
   63.50  -996668619.813
   64.00  -996727497.439
   64.50  -996786150.548
   65.00  -996844580.824
   65.50  -996902789.135
   66.00  -996960777.046
   66.50  -997018545.244
   67.00  -997076095.419
   67.50  -997133429.007
   68.00  -997190547.298
   68.50  -997247451.479
   69.00  -997304142.393
   69.50  -997360621.495
   70.00  -997416890.249
   70.50  -997472950.264
   71.00  -997528802.702
   71.50  -997584449.205
   72.00  -997639891.542
   72.50  -997695130.806
   73.00  -997750168.185
   73.50  -997805004.968
   74.00  -997859643.129
   74.50  -997914083.945
   75.00  -997968328.293
   75.50  -998022377.996
   76.00  -998076234.126
   76.50  -998129899.123
   77.00  -998183373.863
   77.50  -998236659.820
   78.00  -998289758.335
   78.50  -998342670.975
   79.00  -998395399.035
   79.50  -998447943.551
   80.00  -998500306.688
   80.50  -998552489.676
   81.00  -998604493.572
   81.50  -998656319.963
   82.00  -998707970.173
   82.50  -998759445.992
   83.00  -998810748.462
   83.50  -998861878.756
   84.00  -998912838.390
   84.50  -998963628.827
   85.00  -999014251.181
   85.50  -999064706.631
   86.00  -999114996.416
   86.50  -999165121.687
   87.00  -999215083.803
   87.50  -999264883.702
   88.00  -999314523.096
   88.50  -999364003.236
   89.00  -999413325.222
   89.50  -999462489.964
   90.00  -999511498.731
   90.50  -999560352.857
   91.00  -999609053.278
   91.50  -999657601.157
   92.00  -999705997.263
   92.50  -999754242.909
   93.00  -999802339.261
   93.50  -999850286.769
   94.00  -999898087.088
   94.50  -999945741.064
   95.00  -999993249.372
   95.50  -1000040613.179
   96.00  -1000087833.743
   96.50  -1000134911.665
   97.00  -1000181848.103
   97.50  -1000228644.069
   98.00  -1000275300.377
   98.50  -1000321817.842
   99.00  -1000368197.083
   99.50  -1000414439.787
  100.00  -1000460546.473
