Lk surface

Theta = 0.00348

Maximum at 4Ner(region) = 4.500 : Lk = -1929786862.725



4Ner(region)   Pairwise Lk

    0.00  -1936101456.414
    0.50  -1933678615.594
    1.00  -1931923966.211
    1.50  -1931105909.383
    2.00  -1930597899.948
    2.50  -1930253142.155
    3.00  -1930018068.782
    3.50  -1929871416.163
    4.00  -1929798576.728
    4.50  -1929786862.725
    5.00  -1929821934.344
    5.50  -1929891017.569
    6.00  -1929983177.935
    6.50  -1930090600.407
    7.00  -1930207930.841
    7.50  -1930331981.346
    8.00  -1930461236.544
    8.50  -1930594931.640
    9.00  -1930732723.828
    9.50  -1930874488.071
   10.00  -1931020117.112
   10.50  -1931169342.738
   11.00  -1931321784.807
   11.50  -1931477008.225
   12.00  -1931634547.138
   12.50  -1931793926.521
   13.00  -1931954724.890
   13.50  -1932116551.184
   14.00  -1932279100.837
   14.50  -1932442150.236
   15.00  -1932605504.080
   15.50  -1932769025.658
   16.00  -1932932614.179
   16.50  -1933096196.541
   17.00  -1933259699.181
   17.50  -1933423069.296
   18.00  -1933586251.625
   18.50  -1933749204.144
   19.00  -1933911880.365
   19.50  -1934074221.379
   20.00  -1934236182.615
   20.50  -1934397726.648
   21.00  -1934558809.724
   21.50  -1934719391.835
   22.00  -1934879439.624
   22.50  -1935038917.808
   23.00  -1935197800.675
   23.50  -1935356062.924
   24.00  -1935513686.574
   24.50  -1935670652.235
   25.00  -1935826943.562
   25.50  -1935982550.737
   26.00  -1936137464.422
   26.50  -1936291672.735
   27.00  -1936445169.268
   27.50  -1936597951.193
   28.00  -1936750012.508
   28.50  -1936901351.066
   29.00  -1937051967.504
   29.50  -1937201863.504
   30.00  -1937351038.677
   30.50  -1937499499.029
   31.00  -1937647248.235
   31.50  -1937794292.996
   32.00  -1937940636.703
   32.50  -1938086290.505
   33.00  -1938231260.690
   33.50  -1938375557.046
   34.00  -1938519186.199
   34.50  -1938662157.201
   35.00  -1938804476.527
   35.50  -1938946153.166
   36.00  -1939087194.649
   36.50  -1939227610.740
   37.00  -1939367410.996
   37.50  -1939506602.123
   38.00  -1939645190.464
   38.50  -1939783183.714
   39.00  -1939920589.581
   39.50  -1940057414.846
   40.00  -1940193666.631
   40.50  -1940329352.783
   41.00  -1940464478.965
   41.50  -1940599052.868
   42.00  -1940733082.400
   42.50  -1940866572.457
   43.00  -1940999530.719
   43.50  -1941131963.052
   44.00  -1941263875.411
   44.50  -1941395273.459
   45.00  -1941526163.061
   45.50  -1941656549.913
   46.00  -1941786438.651
   46.50  -1941915834.502
   47.00  -1942044742.498
   47.50  -1942173166.251
   48.00  -1942301109.444
   48.50  -1942428577.080
   49.00  -1942555573.708
   49.50  -1942682100.076
   50.00  -1942808160.996
   50.50  -1942933759.487
   51.00  -1943058897.129
   51.50  -1943183576.019
   52.00  -1943307799.186
   52.50  -1943431568.728
   53.00  -1943554885.966
   53.50  -1943677752.524
   54.00  -1943800169.756
   54.50  -1943922140.058
   55.00  -1944043664.275
   55.50  -1944164745.110
   56.00  -1944285384.137
   56.50  -1944405582.547
   57.00  -1944525342.547
   57.50  -1944644666.764
   58.00  -1944763556.719
   58.50  -1944882014.790
   59.00  -1945000043.669
   59.50  -1945117645.859
   60.00  -1945234824.247
   60.50  -1945351580.968
   61.00  -1945467918.560
   61.50  -1945583840.426
   62.00  -1945699349.859
   62.50  -1945814449.581
   63.00  -1945929143.739
   63.50  -1946043434.628
   64.00  -1946157325.833
   64.50  -1946270820.569
   65.00  -1946383921.415
   65.50  -1946496632.330
   66.00  -1946608956.038
   66.50  -1946720896.246
   67.00  -1946832456.905
   67.50  -1946943638.987
   68.00  -1947054446.574
   68.50  -1947164883.903
   69.00  -1947274954.470
   69.50  -1947384660.393
   70.00  -1947494004.840
   70.50  -1947602990.018
   71.00  -1947711620.331
   71.50  -1947819897.385
   72.00  -1947927824.335
   72.50  -1948035404.099
   73.00  -1948142638.403
   73.50  -1948249530.213
   74.00  -1948356081.481
   74.50  -1948462295.164
   75.00  -1948568173.439
   75.50  -1948673718.374
   76.00  -1948778931.600
   76.50  -1948883815.455
   77.00  -1948988372.025
   77.50  -1949092603.624
   78.00  -1949196511.700
   78.50  -1949300097.946
   79.00  -1949403364.454
   79.50  -1949506313.729
   80.00  -1949608947.192
   80.50  -1949711267.080
   81.00  -1949813274.660
   81.50  -1949914972.665
   82.00  -1950016362.263
   82.50  -1950117444.844
   83.00  -1950218223.361
   83.50  -1950318699.514
   84.00  -1950418875.045
   84.50  -1950518751.865
   85.00  -1950618331.730
   85.50  -1950717617.562
   86.00  -1950816611.064
   86.50  -1950915313.727
   87.00  -1951013727.598
   87.50  -1951111854.517
   88.00  -1951209696.352
   88.50  -1951307255.449
   89.00  -1951404533.579
   89.50  -1951501533.352
   90.00  -1951598256.994
   90.50  -1951694706.344
   91.00  -1951790883.032
   91.50  -1951886789.916
   92.00  -1951982428.775
   92.50  -1952077801.689
   93.00  -1952172910.270
   93.50  -1952267756.304
   94.00  -1952362342.166
   94.50  -1952456669.997
   95.00  -1952550741.661
   95.50  -1952644559.085
   96.00  -1952738124.011
   96.50  -1952831438.244
   97.00  -1952924503.385
   97.50  -1953017321.548
   98.00  -1953109894.381
   98.50  -1953202223.545
   99.00  -1953294310.099
   99.50  -1953386156.093
  100.00  -1953477763.011
