Lk surface

Theta = 0.00005

Maximum at 4Ner(region) = 0.000 : Lk = -405147.720



4Ner(region)   Pairwise Lk

    0.00  -405147.720
    0.50  -405194.182
    1.00  -405249.196
    1.50  -405318.992
    2.00  -405376.654
    2.50  -405425.860
    3.00  -405471.295
    3.50  -405514.484
    4.00  -405555.862
    4.50  -405596.217
    5.00  -405635.136
    5.50  -405673.032
    6.00  -405710.429
    6.50  -405747.476
    7.00  -405784.723
    7.50  -405822.388
    8.00  -405860.346
    8.50  -405898.348
    9.00  -405936.142
    9.50  -405973.702
   10.00  -406010.892
   10.50  -406047.617
   11.00  -406083.716
   11.50  -406119.424
   12.00  -406154.698
   12.50  -406189.651
   13.00  -406224.042
   13.50  -406258.148
   14.00  -406291.946
   14.50  -406325.465
   15.00  -406358.697
   15.50  -406391.677
   16.00  -406424.445
   16.50  -406456.938
   17.00  -406489.194
   17.50  -406521.125
   18.00  -406552.736
   18.50  -406584.011
   19.00  -406614.917
   19.50  -406645.461
   20.00  -406675.568
   20.50  -406705.247
   21.00  -406734.604
   21.50  -406763.574
   22.00  -406792.177
   22.50  -406820.475
   23.00  -406848.422
   23.50  -406876.072
   24.00  -406903.440
   24.50  -406930.545
   25.00  -406957.395
   25.50  -406983.984
   26.00  -407010.341
   26.50  -407036.493
   27.00  -407062.402
   27.50  -407088.130
   28.00  -407113.684
   28.50  -407139.069
   29.00  -407164.262
   29.50  -407189.308
   30.00  -407214.196
   30.50  -407238.932
   31.00  -407263.519
   31.50  -407287.968
   32.00  -407312.279
   32.50  -407336.359
   33.00  -407360.290
   33.50  -407384.076
   34.00  -407407.704
   34.50  -407431.189
   35.00  -407454.495
   35.50  -407477.635
   36.00  -407500.617
   36.50  -407523.425
   37.00  -407546.071
   37.50  -407568.539
   38.00  -407590.829
   38.50  -407612.954
   39.00  -407634.917
   39.50  -407656.715
   40.00  -407678.341
   40.50  -407699.786
   41.00  -407721.085
   41.50  -407742.225
   42.00  -407763.220
   42.50  -407784.071
   43.00  -407804.776
   43.50  -407825.335
   44.00  -407845.738
   44.50  -407866.019
   45.00  -407886.149
   45.50  -407906.149
   46.00  -407926.012
   46.50  -407945.767
   47.00  -407965.413
   47.50  -407984.946
   48.00  -408004.358
   48.50  -408023.673
   49.00  -408042.895
   49.50  -408062.017
   50.00  -408081.042
   50.50  -408099.979
   51.00  -408118.830
   51.50  -408137.582
   52.00  -408156.245
   52.50  -408174.829
   53.00  -408193.321
   53.50  -408211.730
   54.00  -408230.057
   54.50  -408248.305
   55.00  -408266.462
   55.50  -408284.541
   56.00  -408302.545
   56.50  -408320.475
   57.00  -408338.325
   57.50  -408356.095
   58.00  -408373.800
   58.50  -408391.436
   59.00  -408409.009
   59.50  -408426.516
   60.00  -408443.952
   60.50  -408461.330
   61.00  -408478.619
   61.50  -408495.833
   62.00  -408512.981
   62.50  -408530.064
   63.00  -408547.076
   63.50  -408564.021
   64.00  -408580.890
   64.50  -408597.689
   65.00  -408614.427
   65.50  -408631.101
   66.00  -408647.710
   66.50  -408664.251
   67.00  -408680.725
   67.50  -408697.140
   68.00  -408713.484
   68.50  -408729.764
   69.00  -408745.980
   69.50  -408762.130
   70.00  -408778.204
   70.50  -408794.217
   71.00  -408810.168
   71.50  -408826.055
   72.00  -408841.879
   72.50  -408857.635
   73.00  -408873.327
   73.50  -408888.958
   74.00  -408904.528
   74.50  -408920.036
   75.00  -408935.478
   75.50  -408950.862
   76.00  -408966.188
   76.50  -408981.458
   77.00  -408996.676
   77.50  -409011.839
   78.00  -409026.944
   78.50  -409041.987
   79.00  -409056.985
   79.50  -409071.931
   80.00  -409086.826
   80.50  -409101.667
   81.00  -409116.453
   81.50  -409131.187
   82.00  -409145.873
   82.50  -409160.511
   83.00  -409175.099
   83.50  -409189.638
   84.00  -409204.128
   84.50  -409218.565
   85.00  -409232.961
   85.50  -409247.314
   86.00  -409261.618
   86.50  -409275.878
   87.00  -409290.087
   87.50  -409304.245
   88.00  -409318.359
   88.50  -409332.436
   89.00  -409346.468
   89.50  -409360.456
   90.00  -409374.399
   90.50  -409388.297
   91.00  -409402.153
   91.50  -409415.963
   92.00  -409429.730
   92.50  -409443.455
   93.00  -409457.135
   93.50  -409470.776
   94.00  -409484.372
   94.50  -409497.927
   95.00  -409511.440
   95.50  -409524.906
   96.00  -409538.331
   96.50  -409551.712
   97.00  -409565.046
   97.50  -409578.345
   98.00  -409591.603
   98.50  -409604.820
   99.00  -409617.996
   99.50  -409631.126
  100.00  -409644.218
