Lk surface

Theta = 0.00006

Maximum at 4Ner(region) = 0.000 : Lk = -574636.339



4Ner(region)   Pairwise Lk

    0.00  -574636.339
    0.50  -574725.304
    1.00  -574787.414
    1.50  -574825.322
    2.00  -574868.190
    2.50  -574919.318
    3.00  -574980.321
    3.50  -575045.196
    4.00  -575111.558
    4.50  -575178.223
    5.00  -575244.054
    5.50  -575309.494
    6.00  -575373.793
    6.50  -575437.386
    7.00  -575499.805
    7.50  -575560.979
    8.00  -575621.297
    8.50  -575680.879
    9.00  -575739.699
    9.50  -575798.075
   10.00  -575855.929
   10.50  -575913.185
   11.00  -575969.825
   11.50  -576026.113
   12.00  -576082.015
   12.50  -576137.539
   13.00  -576192.619
   13.50  -576247.300
   14.00  -576301.582
   14.50  -576355.402
   15.00  -576409.016
   15.50  -576462.288
   16.00  -576515.246
   16.50  -576567.838
   17.00  -576620.031
   17.50  -576671.852
   18.00  -576723.300
   18.50  -576774.273
   19.00  -576824.757
   19.50  -576874.821
   20.00  -576924.433
   20.50  -576973.574
   21.00  -577022.345
   21.50  -577070.655
   22.00  -577118.556
   22.50  -577166.031
   23.00  -577213.060
   23.50  -577259.665
   24.00  -577305.826
   24.50  -577351.558
   25.00  -577396.923
   25.50  -577441.928
   26.00  -577486.546
   26.50  -577530.800
   27.00  -577574.696
   27.50  -577618.287
   28.00  -577661.594
   28.50  -577704.607
   29.00  -577747.343
   29.50  -577789.840
   30.00  -577832.073
   30.50  -577874.051
   31.00  -577915.749
   31.50  -577957.225
   32.00  -577998.470
   32.50  -578039.485
   33.00  -578080.291
   33.50  -578120.877
   34.00  -578161.241
   34.50  -578201.368
   35.00  -578241.290
   35.50  -578281.003
   36.00  -578320.477
   36.50  -578359.723
   37.00  -578398.785
   37.50  -578437.595
   38.00  -578476.201
   38.50  -578514.579
   39.00  -578552.741
   39.50  -578590.683
   40.00  -578628.394
   40.50  -578665.876
   41.00  -578703.164
   41.50  -578740.226
   42.00  -578777.058
   42.50  -578813.682
   43.00  -578850.105
   43.50  -578886.337
   44.00  -578922.355
   44.50  -578958.182
   45.00  -578993.823
   45.50  -579029.268
   46.00  -579064.522
   46.50  -579099.585
   47.00  -579134.470
   47.50  -579169.170
   48.00  -579203.702
   48.50  -579238.067
   49.00  -579272.274
   49.50  -579306.308
   50.00  -579340.192
   50.50  -579373.910
   51.00  -579407.486
   51.50  -579440.912
   52.00  -579474.201
   52.50  -579507.339
   53.00  -579540.324
   53.50  -579573.167
   54.00  -579605.873
   54.50  -579638.423
   55.00  -579670.817
   55.50  -579703.092
   56.00  -579735.234
   56.50  -579767.246
   57.00  -579799.142
   57.50  -579830.903
   58.00  -579862.534
   58.50  -579894.027
   59.00  -579925.392
   59.50  -579956.630
   60.00  -579987.749
   60.50  -580018.748
   61.00  -580049.638
   61.50  -580080.415
   62.00  -580111.051
   62.50  -580141.581
   63.00  -580171.986
   63.50  -580202.278
   64.00  -580232.439
   64.50  -580262.483
   65.00  -580292.415
   65.50  -580322.247
   66.00  -580351.953
   66.50  -580381.539
   67.00  -580411.004
   67.50  -580440.355
   68.00  -580469.586
   68.50  -580498.706
   69.00  -580527.724
   69.50  -580556.622
   70.00  -580585.410
   70.50  -580614.092
   71.00  -580642.667
   71.50  -580671.128
   72.00  -580699.488
   72.50  -580727.737
   73.00  -580755.875
   73.50  -580783.914
   74.00  -580811.847
   74.50  -580839.668
   75.00  -580867.382
   75.50  -580895.002
   76.00  -580922.514
   76.50  -580949.923
   77.00  -580977.233
   77.50  -581004.438
   78.00  -581031.540
   78.50  -581058.536
   79.00  -581085.435
   79.50  -581112.227
   80.00  -581138.906
   80.50  -581165.489
   81.00  -581191.967
   81.50  -581218.347
   82.00  -581244.628
   82.50  -581270.805
   83.00  -581296.874
   83.50  -581322.841
   84.00  -581348.721
   84.50  -581374.515
   85.00  -581400.213
   85.50  -581425.822
   86.00  -581451.332
   86.50  -581476.735
   87.00  -581502.036
   87.50  -581527.246
   88.00  -581552.358
   88.50  -581577.382
   89.00  -581602.309
   89.50  -581627.145
   90.00  -581651.877
   90.50  -581676.522
   91.00  -581701.075
   91.50  -581725.534
   92.00  -581749.907
   92.50  -581774.194
   93.00  -581798.387
   93.50  -581822.494
   94.00  -581846.521
   94.50  -581870.459
   95.00  -581894.313
   95.50  -581918.084
   96.00  -581941.770
   96.50  -581965.373
   97.00  -581988.885
   97.50  -582012.321
   98.00  -582035.677
   98.50  -582058.947
   99.00  -582082.137
   99.50  -582105.249
  100.00  -582128.281
