Lk surface

Theta = 0.00007

Maximum at 4Ner(region) = 0.000 : Lk = -830741.501



4Ner(region)   Pairwise Lk

    0.00  -830741.501
    0.50  -830959.426
    1.00  -831192.495
    1.50  -831456.422
    2.00  -831733.113
    2.50  -832012.861
    3.00  -832288.518
    3.50  -832557.558
    4.00  -832819.084
    4.50  -833073.087
    5.00  -833319.672
    5.50  -833560.749
    6.00  -833797.738
    6.50  -834030.530
    7.00  -834259.863
    7.50  -834486.419
    8.00  -834710.205
    8.50  -834931.595
    9.00  -835150.400
    9.50  -835366.540
   10.00  -835580.005
   10.50  -835790.815
   11.00  -835999.019
   11.50  -836204.723
   12.00  -836407.855
   12.50  -836608.279
   13.00  -836806.176
   13.50  -837001.651
   14.00  -837194.836
   14.50  -837385.758
   15.00  -837574.504
   15.50  -837761.044
   16.00  -837945.606
   16.50  -838128.150
   17.00  -838308.833
   17.50  -838487.854
   18.00  -838665.052
   18.50  -838840.516
   19.00  -839014.458
   19.50  -839186.699
   20.00  -839357.290
   20.50  -839526.359
   21.00  -839693.850
   21.50  -839859.820
   22.00  -840024.326
   22.50  -840187.355
   23.00  -840349.081
   23.50  -840509.363
   24.00  -840668.271
   24.50  -840825.850
   25.00  -840982.143
   25.50  -841137.121
   26.00  -841290.846
   26.50  -841443.272
   27.00  -841594.466
   27.50  -841744.470
   28.00  -841893.303
   28.50  -842040.974
   29.00  -842187.609
   29.50  -842333.143
   30.00  -842477.582
   30.50  -842620.929
   31.00  -842763.232
   31.50  -842904.519
   32.00  -843044.789
   32.50  -843184.074
   33.00  -843322.386
   33.50  -843459.751
   34.00  -843596.182
   34.50  -843731.703
   35.00  -843866.283
   35.50  -843999.981
   36.00  -844132.796
   36.50  -844264.763
   37.00  -844395.820
   37.50  -844526.042
   38.00  -844655.429
   38.50  -844783.983
   39.00  -844911.726
   39.50  -845038.675
   40.00  -845164.843
   40.50  -845290.242
   41.00  -845414.891
   41.50  -845538.768
   42.00  -845661.866
   42.50  -845784.210
   43.00  -845905.852
   43.50  -846026.745
   44.00  -846146.906
   44.50  -846266.342
   45.00  -846385.100
   45.50  -846503.184
   46.00  -846620.608
   46.50  -846737.373
   47.00  -846853.456
   47.50  -846968.900
   48.00  -847083.678
   48.50  -847197.825
   49.00  -847311.348
   49.50  -847424.261
   50.00  -847536.582
   50.50  -847648.300
   51.00  -847759.405
   51.50  -847869.898
   52.00  -847979.824
   52.50  -848089.179
   53.00  -848197.980
   53.50  -848306.216
   54.00  -848413.883
   54.50  -848521.004
   55.00  -848627.580
   55.50  -848733.613
   56.00  -848839.107
   56.50  -848944.073
   57.00  -849048.501
   57.50  -849152.402
   58.00  -849255.812
   58.50  -849358.680
   59.00  -849461.049
   59.50  -849562.915
   60.00  -849664.269
   60.50  -849765.102
   61.00  -849865.455
   61.50  -849965.318
   62.00  -850064.710
   62.50  -850163.639
   63.00  -850262.107
   63.50  -850360.092
   64.00  -850457.620
   64.50  -850554.689
   65.00  -850651.296
   65.50  -850747.453
   66.00  -850843.164
   66.50  -850938.426
   67.00  -851033.245
   67.50  -851127.629
   68.00  -851221.581
   68.50  -851315.102
   69.00  -851408.202
   69.50  -851500.886
   70.00  -851593.157
   70.50  -851685.022
   71.00  -851776.487
   71.50  -851867.553
   72.00  -851958.228
   72.50  -852048.490
   73.00  -852138.341
   73.50  -852227.805
   74.00  -852316.881
   74.50  -852405.571
   75.00  -852493.896
   75.50  -852581.855
   76.00  -852669.443
   76.50  -852756.645
   77.00  -852843.497
   77.50  -852929.980
   78.00  -853016.120
   78.50  -853101.887
   79.00  -853187.291
   79.50  -853272.354
   80.00  -853357.071
   80.50  -853441.449
   81.00  -853525.481
   81.50  -853609.183
   82.00  -853692.544
   82.50  -853775.564
   83.00  -853858.254
   83.50  -853940.609
   84.00  -854022.622
   84.50  -854104.321
   85.00  -854185.701
   85.50  -854266.770
   86.00  -854347.530
   86.50  -854427.975
   87.00  -854508.106
   87.50  -854587.914
   88.00  -854667.418
   88.50  -854746.608
   89.00  -854825.488
   89.50  -854904.058
   90.00  -854982.332
   90.50  -855060.312
   91.00  -855137.982
   91.50  -855215.354
   92.00  -855292.431
   92.50  -855369.223
   93.00  -855445.736
   93.50  -855521.953
   94.00  -855597.886
   94.50  -855673.530
   95.00  -855748.890
   95.50  -855823.981
   96.00  -855898.790
   96.50  -855973.324
   97.00  -856047.579
   97.50  -856121.564
   98.00  -856195.285
   98.50  -856268.736
   99.00  -856341.925
   99.50  -856414.838
  100.00  -856487.489
