Lk surface

Theta = 0.00006

Maximum at 4Ner(region) = 1.000 : Lk = -455742.991



4Ner(region)   Pairwise Lk

    0.00  -455800.733
    0.50  -455767.850
    1.00  -455742.991
    1.50  -455746.310
    2.00  -455773.446
    2.50  -455808.203
    3.00  -455843.640
    3.50  -455879.247
    4.00  -455914.935
    4.50  -455951.477
    5.00  -455989.181
    5.50  -456028.310
    6.00  -456068.304
    6.50  -456109.238
    7.00  -456150.503
    7.50  -456191.558
    8.00  -456232.268
    8.50  -456272.295
    9.00  -456311.379
    9.50  -456349.695
   10.00  -456386.907
   10.50  -456423.036
   11.00  -456458.140
   11.50  -456492.476
   12.00  -456525.989
   12.50  -456558.677
   13.00  -456590.687
   13.50  -456622.134
   14.00  -456653.140
   14.50  -456683.760
   15.00  -456713.964
   15.50  -456743.848
   16.00  -456773.466
   16.50  -456802.824
   17.00  -456831.921
   17.50  -456860.777
   18.00  -456889.417
   18.50  -456917.873
   19.00  -456946.126
   19.50  -456974.194
   20.00  -457002.056
   20.50  -457029.789
   21.00  -457057.314
   21.50  -457084.622
   22.00  -457111.717
   22.50  -457138.550
   23.00  -457165.211
   23.50  -457191.731
   24.00  -457218.067
   24.50  -457244.235
   25.00  -457270.221
   25.50  -457296.042
   26.00  -457321.674
   26.50  -457347.126
   27.00  -457372.395
   27.50  -457397.478
   28.00  -457422.376
   28.50  -457447.144
   29.00  -457471.755
   29.50  -457496.208
   30.00  -457520.505
   30.50  -457544.680
   31.00  -457568.747
   31.50  -457592.653
   32.00  -457616.400
   32.50  -457639.989
   33.00  -457663.419
   33.50  -457686.709
   34.00  -457709.862
   34.50  -457732.847
   35.00  -457755.657
   35.50  -457778.325
   36.00  -457800.862
   36.50  -457823.240
   37.00  -457845.456
   37.50  -457867.524
   38.00  -457889.442
   38.50  -457911.194
   39.00  -457932.801
   39.50  -457954.265
   40.00  -457975.580
   40.50  -457996.734
   41.00  -458017.740
   41.50  -458038.623
   42.00  -458059.378
   42.50  -458079.997
   43.00  -458100.479
   43.50  -458120.821
   44.00  -458141.036
   44.50  -458161.108
   45.00  -458181.029
   45.50  -458200.833
   46.00  -458220.510
   46.50  -458240.061
   47.00  -458259.503
   47.50  -458278.833
   48.00  -458298.050
   48.50  -458317.150
   49.00  -458336.137
   49.50  -458355.030
   50.00  -458373.810
   50.50  -458392.489
   51.00  -458411.058
   51.50  -458429.524
   52.00  -458447.886
   52.50  -458466.143
   53.00  -458484.294
   53.50  -458502.336
   54.00  -458520.271
   54.50  -458538.114
   55.00  -458555.858
   55.50  -458573.507
   56.00  -458591.073
   56.50  -458608.535
   57.00  -458625.914
   57.50  -458643.198
   58.00  -458660.377
   58.50  -458677.471
   59.00  -458694.480
   59.50  -458711.394
   60.00  -458728.218
   60.50  -458744.957
   61.00  -458761.608
   61.50  -458778.173
   62.00  -458794.638
   62.50  -458811.017
   63.00  -458827.302
   63.50  -458843.511
   64.00  -458859.637
   64.50  -458875.675
   65.00  -458891.634
   65.50  -458907.515
   66.00  -458923.308
   66.50  -458939.021
   67.00  -458954.654
   67.50  -458970.215
   68.00  -458985.706
   68.50  -459001.136
   69.00  -459016.495
   69.50  -459031.780
   70.00  -459046.990
   70.50  -459062.129
   71.00  -459077.204
   71.50  -459092.224
   72.00  -459107.178
   72.50  -459122.065
   73.00  -459136.883
   73.50  -459151.647
   74.00  -459166.356
   74.50  -459181.003
   75.00  -459195.591
   75.50  -459210.112
   76.00  -459224.585
   76.50  -459239.002
   77.00  -459253.355
   77.50  -459267.659
   78.00  -459281.903
   78.50  -459296.091
   79.00  -459310.225
   79.50  -459324.313
   80.00  -459338.351
   80.50  -459352.331
   81.00  -459366.261
   81.50  -459380.141
   82.00  -459393.979
   82.50  -459407.771
   83.00  -459421.505
   83.50  -459435.187
   84.00  -459448.816
   84.50  -459462.400
   85.00  -459475.938
   85.50  -459489.437
   86.00  -459502.894
   86.50  -459516.305
   87.00  -459529.669
   87.50  -459542.991
   88.00  -459556.267
   88.50  -459569.495
   89.00  -459582.675
   89.50  -459595.813
   90.00  -459608.909
   90.50  -459621.962
   91.00  -459634.969
   91.50  -459647.935
   92.00  -459660.866
   92.50  -459673.755
   93.00  -459686.602
   93.50  -459699.410
   94.00  -459712.181
   94.50  -459724.914
   95.00  -459737.608
   95.50  -459750.262
   96.00  -459762.883
   96.50  -459775.462
   97.00  -459788.001
   97.50  -459800.497
   98.00  -459812.958
   98.50  -459825.382
   99.00  -459837.771
   99.50  -459850.122
  100.00  -459862.436
