Lk surface

Theta = 0.00005

Maximum at 4Ner(region) = 0.000 : Lk = -355003.280



4Ner(region)   Pairwise Lk

    0.00  -355003.280
    0.50  -355042.957
    1.00  -355084.463
    1.50  -355133.574
    2.00  -355183.858
    2.50  -355232.134
    3.00  -355276.931
    3.50  -355321.234
    4.00  -355364.715
    4.50  -355408.421
    5.00  -355452.022
    5.50  -355495.603
    6.00  -355538.982
    6.50  -355581.910
    7.00  -355624.653
    7.50  -355666.923
    8.00  -355708.420
    8.50  -355749.440
    9.00  -355789.680
    9.50  -355829.141
   10.00  -355867.851
   10.50  -355905.586
   11.00  -355942.493
   11.50  -355978.704
   12.00  -356014.372
   12.50  -356049.535
   13.00  -356084.170
   13.50  -356118.191
   14.00  -356151.796
   14.50  -356184.866
   15.00  -356217.653
   15.50  -356250.106
   16.00  -356282.231
   16.50  -356313.941
   17.00  -356345.245
   17.50  -356376.269
   18.00  -356406.955
   18.50  -356437.312
   19.00  -356467.366
   19.50  -356497.025
   20.00  -356526.318
   20.50  -356555.373
   21.00  -356584.101
   21.50  -356612.551
   22.00  -356640.683
   22.50  -356668.558
   23.00  -356696.205
   23.50  -356723.642
   24.00  -356750.848
   24.50  -356777.889
   25.00  -356804.629
   25.50  -356831.182
   26.00  -356857.546
   26.50  -356883.672
   27.00  -356909.512
   27.50  -356935.094
   28.00  -356960.404
   28.50  -356985.506
   29.00  -357010.394
   29.50  -357035.048
   30.00  -357059.443
   30.50  -357083.574
   31.00  -357107.523
   31.50  -357131.256
   32.00  -357154.795
   32.50  -357178.149
   33.00  -357201.316
   33.50  -357224.313
   34.00  -357247.125
   34.50  -357269.748
   35.00  -357292.208
   35.50  -357314.513
   36.00  -357336.616
   36.50  -357358.552
   37.00  -357380.342
   37.50  -357401.992
   38.00  -357423.487
   38.50  -357444.852
   39.00  -357466.070
   39.50  -357487.138
   40.00  -357508.036
   40.50  -357528.798
   41.00  -357549.411
   41.50  -357569.895
   42.00  -357590.247
   42.50  -357610.465
   43.00  -357630.539
   43.50  -357650.476
   44.00  -357670.296
   44.50  -357689.994
   45.00  -357709.562
   45.50  -357729.001
   46.00  -357748.324
   46.50  -357767.522
   47.00  -357786.597
   47.50  -357805.557
   48.00  -357824.397
   48.50  -357843.132
   49.00  -357861.758
   49.50  -357880.271
   50.00  -357898.683
   50.50  -357917.001
   51.00  -357935.221
   51.50  -357953.332
   52.00  -357971.337
   52.50  -357989.240
   53.00  -358007.040
   53.50  -358024.750
   54.00  -358042.373
   54.50  -358059.895
   55.00  -358077.332
   55.50  -358094.669
   56.00  -358111.913
   56.50  -358129.073
   57.00  -358146.152
   57.50  -358163.139
   58.00  -358180.036
   58.50  -358196.847
   59.00  -358213.588
   59.50  -358230.249
   60.00  -358246.829
   60.50  -358263.328
   61.00  -358279.748
   61.50  -358296.089
   62.00  -358312.353
   62.50  -358328.534
   63.00  -358344.638
   63.50  -358360.665
   64.00  -358376.629
   64.50  -358392.518
   65.00  -358408.329
   65.50  -358424.071
   66.00  -358439.749
   66.50  -358455.358
   67.00  -358470.892
   67.50  -358486.364
   68.00  -358501.769
   68.50  -358517.107
   69.00  -358532.384
   69.50  -358547.595
   70.00  -358562.741
   70.50  -358577.818
   71.00  -358592.831
   71.50  -358607.782
   72.00  -358622.673
   72.50  -358637.499
   73.00  -358652.265
   73.50  -358666.974
   74.00  -358681.627
   74.50  -358696.227
   75.00  -358710.769
   75.50  -358725.259
   76.00  -358739.692
   76.50  -358754.066
   77.00  -358768.380
   77.50  -358782.639
   78.00  -358796.838
   78.50  -358810.987
   79.00  -358825.084
   79.50  -358839.132
   80.00  -358853.122
   80.50  -358867.069
   81.00  -358880.964
   81.50  -358894.807
   82.00  -358908.600
   82.50  -358922.338
   83.00  -358936.023
   83.50  -358949.660
   84.00  -358963.245
   84.50  -358976.780
   85.00  -358990.269
   85.50  -359003.711
   86.00  -359017.109
   86.50  -359030.458
   87.00  -359043.753
   87.50  -359057.000
   88.00  -359070.196
   88.50  -359083.343
   89.00  -359096.446
   89.50  -359109.500
   90.00  -359122.512
   90.50  -359135.478
   91.00  -359148.394
   91.50  -359161.264
   92.00  -359174.086
   92.50  -359186.869
   93.00  -359199.612
   93.50  -359212.316
   94.00  -359224.976
   94.50  -359237.591
   95.00  -359250.162
   95.50  -359262.689
   96.00  -359275.176
   96.50  -359287.618
   97.00  -359300.022
   97.50  -359312.388
   98.00  -359324.718
   98.50  -359337.012
   99.00  -359349.268
   99.50  -359361.486
  100.00  -359373.669
