Lk surface

Theta = 0.00007

Maximum at 4Ner(region) = 1.000 : Lk = -779685.425



4Ner(region)   Pairwise Lk

    0.00  -779899.775
    0.50  -779747.329
    1.00  -779685.425
    1.50  -779711.928
    2.00  -779768.255
    2.50  -779837.756
    3.00  -779911.703
    3.50  -779987.318
    4.00  -780061.845
    4.50  -780136.384
    5.00  -780210.112
    5.50  -780283.212
    6.00  -780357.175
    6.50  -780431.548
    7.00  -780506.285
    7.50  -780581.590
    8.00  -780657.367
    8.50  -780733.344
    9.00  -780809.375
    9.50  -780885.147
   10.00  -780960.313
   10.50  -781034.896
   11.00  -781108.894
   11.50  -781182.389
   12.00  -781255.231
   12.50  -781327.531
   13.00  -781399.312
   13.50  -781470.755
   14.00  -781541.649
   14.50  -781612.020
   15.00  -781681.902
   15.50  -781751.160
   16.00  -781819.762
   16.50  -781887.787
   17.00  -781955.263
   17.50  -782022.137
   18.00  -782088.471
   18.50  -782154.270
   19.00  -782219.464
   19.50  -782284.095
   20.00  -782348.159
   20.50  -782411.693
   21.00  -782474.765
   21.50  -782537.430
   22.00  -782599.664
   22.50  -782661.472
   23.00  -782722.906
   23.50  -782783.992
   24.00  -782844.741
   24.50  -782905.163
   25.00  -782965.208
   25.50  -783024.875
   26.00  -783084.194
   26.50  -783143.166
   27.00  -783201.857
   27.50  -783260.243
   28.00  -783318.288
   28.50  -783375.979
   29.00  -783433.256
   29.50  -783490.171
   30.00  -783546.771
   30.50  -783603.091
   31.00  -783659.093
   31.50  -783714.760
   32.00  -783770.069
   32.50  -783825.038
   33.00  -783879.639
   33.50  -783933.964
   34.00  -783987.954
   34.50  -784041.550
   35.00  -784094.818
   35.50  -784147.770
   36.00  -784200.439
   36.50  -784252.774
   37.00  -784304.787
   37.50  -784356.498
   38.00  -784407.873
   38.50  -784458.940
   39.00  -784509.665
   39.50  -784560.060
   40.00  -784610.144
   40.50  -784659.947
   41.00  -784709.463
   41.50  -784758.632
   42.00  -784807.505
   42.50  -784856.096
   43.00  -784904.371
   43.50  -784952.376
   44.00  -785000.085
   44.50  -785047.538
   45.00  -785094.723
   45.50  -785141.611
   46.00  -785188.235
   46.50  -785234.606
   47.00  -785280.749
   47.50  -785326.635
   48.00  -785372.299
   48.50  -785417.712
   49.00  -785462.886
   49.50  -785507.850
   50.00  -785552.575
   50.50  -785597.087
   51.00  -785641.373
   51.50  -785685.441
   52.00  -785729.302
   52.50  -785772.959
   53.00  -785816.426
   53.50  -785859.701
   54.00  -785902.774
   54.50  -785945.661
   55.00  -785988.354
   55.50  -786030.861
   56.00  -786073.181
   56.50  -786115.317
   57.00  -786157.279
   57.50  -786199.051
   58.00  -786240.644
   58.50  -786282.057
   59.00  -786323.317
   59.50  -786364.391
   60.00  -786405.283
   60.50  -786446.000
   61.00  -786486.539
   61.50  -786526.899
   62.00  -786567.077
   62.50  -786607.093
   63.00  -786646.949
   63.50  -786686.636
   64.00  -786726.156
   64.50  -786765.513
   65.00  -786804.716
   65.50  -786843.756
   66.00  -786882.644
   66.50  -786921.371
   67.00  -786959.936
   67.50  -786998.343
   68.00  -787036.601
   68.50  -787074.702
   69.00  -787112.656
   69.50  -787150.460
   70.00  -787188.120
   70.50  -787225.651
   71.00  -787263.034
   71.50  -787300.262
   72.00  -787337.351
   72.50  -787374.316
   73.00  -787411.141
   73.50  -787447.825
   74.00  -787484.369
   74.50  -787520.781
   75.00  -787557.051
   75.50  -787593.176
   76.00  -787629.175
   76.50  -787665.046
   77.00  -787700.800
   77.50  -787736.438
   78.00  -787771.953
   78.50  -787807.353
   79.00  -787842.628
   79.50  -787877.782
   80.00  -787912.823
   80.50  -787947.743
   81.00  -787982.545
   81.50  -788017.225
   82.00  -788051.792
   82.50  -788086.244
   83.00  -788120.587
   83.50  -788154.818
   84.00  -788188.933
   84.50  -788222.930
   85.00  -788256.821
   85.50  -788290.610
   86.00  -788324.286
   86.50  -788357.859
   87.00  -788391.324
   87.50  -788424.679
   88.00  -788457.921
   88.50  -788491.047
   89.00  -788524.068
   89.50  -788556.986
   90.00  -788589.796
   90.50  -788622.499
   91.00  -788655.089
   91.50  -788687.575
   92.00  -788719.963
   92.50  -788752.256
   93.00  -788784.446
   93.50  -788816.531
   94.00  -788848.503
   94.50  -788880.374
   95.00  -788912.136
   95.50  -788943.797
   96.00  -788975.358
   96.50  -789006.825
   97.00  -789038.190
   97.50  -789069.454
   98.00  -789100.615
   98.50  -789131.672
   99.00  -789162.638
   99.50  -789193.499
  100.00  -789224.266
