Lk surface

Theta = 0.00263

Maximum at 4Ner(region) = 1.000 : Lk = -1183920454.056



4Ner(region)   Pairwise Lk

    0.00  -1184074891.376
    0.50  -1183959881.903
    1.00  -1183920454.056
    1.50  -1183996805.399
    2.00  -1184125520.090
    2.50  -1184280170.333
    3.00  -1184446633.736
    3.50  -1184620048.564
    4.00  -1184799518.197
    4.50  -1184984489.839
    5.00  -1185173993.037
    5.50  -1185366517.910
    6.00  -1185560557.587
    6.50  -1185754705.604
    7.00  -1185947969.366
    7.50  -1186139694.159
    8.00  -1186329517.396
    8.50  -1186517284.012
    9.00  -1186702975.987
    9.50  -1186886613.070
   10.00  -1187068222.324
   10.50  -1187247835.377
   11.00  -1187425477.265
   11.50  -1187601177.677
   12.00  -1187774950.668
   12.50  -1187946820.835
   13.00  -1188116805.882
   13.50  -1188284915.646
   14.00  -1188451181.237
   14.50  -1188615622.050
   15.00  -1188778285.077
   15.50  -1188939208.389
   16.00  -1189098437.291
   16.50  -1189256019.736
   17.00  -1189411991.111
   17.50  -1189566398.012
   18.00  -1189719291.770
   18.50  -1189870711.467
   19.00  -1190020692.502
   19.50  -1190169276.339
   20.00  -1190316495.716
   20.50  -1190462382.941
   21.00  -1190606977.155
   21.50  -1190750312.104
   22.00  -1190892418.005
   22.50  -1191033325.183
   23.00  -1191173068.186
   23.50  -1191311675.671
   24.00  -1191449177.953
   24.50  -1191585600.877
   25.00  -1191720973.159
   25.50  -1191855320.473
   26.00  -1191988666.135
   26.50  -1192121030.524
   27.00  -1192252434.853
   27.50  -1192382898.975
   28.00  -1192512437.875
   28.50  -1192641072.379
   29.00  -1192768813.858
   29.50  -1192895673.901
   30.00  -1193021665.994
   30.50  -1193146801.229
   31.00  -1193271092.967
   31.50  -1193394549.113
   32.00  -1193517181.671
   32.50  -1193639000.676
   33.00  -1193760015.229
   33.50  -1193880237.321
   34.00  -1193999676.215
   34.50  -1194118344.930
   35.00  -1194236255.463
   35.50  -1194353417.054
   36.00  -1194469837.965
   36.50  -1194585531.961
   37.00  -1194700513.714
   37.50  -1194814794.249
   38.00  -1194928382.708
   38.50  -1195041290.430
   39.00  -1195153528.341
   39.50  -1195265108.451
   40.00  -1195376040.485
   40.50  -1195486333.889
   41.00  -1195595999.471
   41.50  -1195705046.531
   42.00  -1195813484.383
   42.50  -1195921322.359
   43.00  -1196028569.875
   43.50  -1196135234.738
   44.00  -1196241325.294
   44.50  -1196346848.986
   45.00  -1196451813.038
   45.50  -1196556225.186
   46.00  -1196660093.034
   46.50  -1196763423.142
   47.00  -1196866221.535
   47.50  -1196968495.151
   48.00  -1197070249.512
   48.50  -1197171491.975
   49.00  -1197272228.094
   49.50  -1197372463.100
   50.00  -1197472203.558
   50.50  -1197571455.608
   51.00  -1197670224.026
   51.50  -1197768513.004
   52.00  -1197866330.039
   52.50  -1197963679.583
   53.00  -1198060567.380
   53.50  -1198156996.511
   54.00  -1198252973.252
   54.50  -1198348502.710
   55.00  -1198443589.699
   55.50  -1198538238.583
   56.00  -1198632453.439
   56.50  -1198726238.035
   57.00  -1198819596.346
   57.50  -1198912534.179
   58.00  -1199005055.279
   58.50  -1199097164.431
   59.00  -1199188865.084
   59.50  -1199280160.919
   60.00  -1199371055.676
   60.50  -1199461554.063
   61.00  -1199551660.190
   61.50  -1199641377.329
   62.00  -1199730709.924
   62.50  -1199819661.367
   63.00  -1199908235.842
   63.50  -1199996436.350
   64.00  -1200084267.098
   64.50  -1200171731.790
   65.00  -1200258833.132
   65.50  -1200345575.096
   66.00  -1200431961.438
   66.50  -1200517995.388
   67.00  -1200603680.176
   67.50  -1200689019.545
   68.00  -1200774017.426
   68.50  -1200858676.844
   69.00  -1200943000.336
   69.50  -1201026991.944
   70.00  -1201110655.081
   70.50  -1201193992.197
   71.00  -1201277007.036
   71.50  -1201359701.382
   72.00  -1201442078.498
   72.50  -1201524141.807
   73.00  -1201605894.640
   73.50  -1201687338.580
   74.00  -1201768476.931
   74.50  -1201849312.064
   75.00  -1201929846.649
   75.50  -1202010082.746
   76.00  -1202090022.925
   76.50  -1202169669.992
   77.00  -1202249026.589
   77.50  -1202328094.220
   78.00  -1202406875.552
   78.50  -1202485373.635
   79.00  -1202563590.008
   79.50  -1202641526.518
   80.00  -1202719185.790
   80.50  -1202796569.798
   81.00  -1202873680.588
   81.50  -1202950519.872
   82.00  -1203027089.720
   82.50  -1203103392.383
   83.00  -1203179430.123
   83.50  -1203255204.405
   84.00  -1203330716.726
   84.50  -1203405969.497
   85.00  -1203480964.510
   85.50  -1203555703.398
   86.00  -1203630187.518
   86.50  -1203704419.607
   87.00  -1203778401.494
   87.50  -1203852135.036
   88.00  -1203925621.709
   88.50  -1203998863.070
   89.00  -1204071861.292
   89.50  -1204144618.113
   90.00  -1204217135.337
   90.50  -1204289414.730
   91.00  -1204361458.006
   91.50  -1204433266.511
   92.00  -1204504842.129
   92.50  -1204576186.819
   93.00  -1204647301.279
   93.50  -1204718187.886
   94.00  -1204788848.487
   94.50  -1204859284.549
   95.00  -1204929497.533
   95.50  -1204999488.671
   96.00  -1205069259.983
   96.50  -1205138812.774
   97.00  -1205208148.761
   97.50  -1205277269.608
   98.00  -1205346176.724
   98.50  -1205414871.595
   99.00  -1205483355.367
   99.50  -1205551629.386
  100.00  -1205619695.070
