Lk surface

Theta = 0.00161

Maximum at 4Ner(region) = 0.000 : Lk = -292731423.148



4Ner(region)   Pairwise Lk

    0.00  -292731423.148
    0.50  -292734644.980
    1.00  -292749067.654
    1.50  -292774321.730
    2.00  -292797640.361
    2.50  -292815580.974
    3.00  -292828511.475
    3.50  -292838526.834
    4.00  -292848095.430
    4.50  -292859209.894
    5.00  -292872790.451
    5.50  -292888855.447
    6.00  -292906876.309
    6.50  -292926125.540
    7.00  -292945910.304
    7.50  -292965713.892
    8.00  -292985209.473
    8.50  -293004236.179
    9.00  -293022741.085
    9.50  -293040741.194
   10.00  -293058293.761
   10.50  -293075459.758
   11.00  -293092289.399
   11.50  -293108827.775
   12.00  -293125107.845
   12.50  -293141152.863
   13.00  -293156982.205
   13.50  -293172607.182
   14.00  -293188036.474
   14.50  -293203277.836
   15.00  -293218341.740
   15.50  -293233236.855
   16.00  -293247965.546
   16.50  -293262537.170
   17.00  -293276959.446
   17.50  -293291234.577
   18.00  -293305367.183
   18.50  -293319359.000
   19.00  -293333209.562
   19.50  -293346922.575
   20.00  -293360496.243
   20.50  -293373930.924
   21.00  -293387224.652
   21.50  -293400380.608
   22.00  -293413398.515
   22.50  -293426281.934
   23.00  -293439031.491
   23.50  -293451648.916
   24.00  -293464137.303
   24.50  -293476500.525
   25.00  -293488740.682
   25.50  -293500862.264
   26.00  -293512866.837
   26.50  -293524757.431
   27.00  -293536539.483
   27.50  -293548216.651
   28.00  -293559790.313
   28.50  -293571262.170
   29.00  -293582635.273
   29.50  -293593912.019
   30.00  -293605095.391
   30.50  -293616188.468
   31.00  -293627193.967
   31.50  -293638115.231
   32.00  -293648953.636
   32.50  -293659711.706
   33.00  -293670391.901
   33.50  -293680997.185
   34.00  -293691530.153
   34.50  -293701992.426
   35.00  -293712386.945
   35.50  -293722714.527
   36.00  -293732977.753
   36.50  -293743177.855
   37.00  -293753316.555
   37.50  -293763394.560
   38.00  -293773413.127
   38.50  -293783372.560
   39.00  -293793273.957
   39.50  -293803117.873
   40.00  -293812904.556
   40.50  -293822633.817
   41.00  -293832307.036
   41.50  -293841924.019
   42.00  -293851485.242
   42.50  -293860991.035
   43.00  -293870442.265
   43.50  -293879838.085
   44.00  -293889179.498
   44.50  -293898465.946
   45.00  -293907698.203
   45.50  -293916876.231
   46.00  -293925999.949
   46.50  -293935070.112
   47.00  -293944087.448
   47.50  -293953052.391
   48.00  -293961965.393
   48.50  -293970826.723
   49.00  -293979637.216
   49.50  -293988397.057
   50.00  -293997106.866
   50.50  -294005767.431
   51.00  -294014378.616
   51.50  -294022941.110
   52.00  -294031455.762
   52.50  -294039922.835
   53.00  -294048343.435
   53.50  -294056718.258
   54.00  -294065046.940
   54.50  -294073330.997
   55.00  -294081570.842
   55.50  -294089767.279
   56.00  -294097920.765
   56.50  -294106031.982
   57.00  -294114101.905
   57.50  -294122131.210
   58.00  -294130120.889
   58.50  -294138070.709
   59.00  -294145981.428
   59.50  -294153853.932
   60.00  -294161688.764
   60.50  -294169486.950
   61.00  -294177248.897
   61.50  -294184975.056
   62.00  -294192665.920
   62.50  -294200322.440
   63.00  -294207945.334
   63.50  -294215535.016
   64.00  -294223091.844
   64.50  -294230616.315
   65.00  -294238108.880
   65.50  -294245570.346
   66.00  -294253001.165
   66.50  -294260401.723
   67.00  -294267772.374
   67.50  -294275113.432
   68.00  -294282425.386
   68.50  -294289708.792
   69.00  -294296964.117
   69.50  -294304191.505
   70.00  -294311391.591
   70.50  -294318564.733
   71.00  -294325711.172
   71.50  -294332830.890
   72.00  -294339924.446
   72.50  -294346992.304
   73.00  -294354034.783
   73.50  -294361052.454
   74.00  -294368045.372
   74.50  -294375013.478
   75.00  -294381957.295
   75.50  -294388877.182
   76.00  -294395773.515
   76.50  -294402646.672
   77.00  -294409496.653
   77.50  -294416323.795
   78.00  -294423128.504
   78.50  -294429910.922
   79.00  -294436671.154
   79.50  -294443409.508
   80.00  -294450126.244
   80.50  -294456821.378
   81.00  -294463495.604
   81.50  -294470148.983
   82.00  -294476781.633
   82.50  -294483393.677
   83.00  -294489985.096
   83.50  -294496556.155
   84.00  -294503107.495
   84.50  -294509638.916
   85.00  -294516150.696
   85.50  -294522643.169
   86.00  -294529116.586
   86.50  -294535570.976
   87.00  -294542006.604
   87.50  -294548423.641
   88.00  -294554822.481
   88.50  -294561203.100
   89.00  -294567565.576
   89.50  -294573910.060
   90.00  -294580236.680
   90.50  -294586545.636
   91.00  -294592837.036
   91.50  -294599110.996
   92.00  -294605367.984
   92.50  -294611608.067
   93.00  -294617831.386
   93.50  -294624038.142
   94.00  -294630228.111
   94.50  -294636401.674
   95.00  -294642558.761
   95.50  -294648699.603
   96.00  -294654824.381
   96.50  -294660933.055
   97.00  -294667025.917
   97.50  -294673102.969
   98.00  -294679164.462
   98.50  -294685210.374
   99.00  -294691240.732
   99.50  -294697255.709
  100.00  -294703255.407
