Lk surface

Theta = 0.00208

Maximum at 4Ner(region) = 0.000 : Lk = -667155320.230



4Ner(region)   Pairwise Lk

    0.00  -667155320.230
    0.50  -667198930.407
    1.00  -667255039.169
    1.50  -667322465.590
    2.00  -667404095.396
    2.50  -667496664.331
    3.00  -667594998.447
    3.50  -667695205.608
    4.00  -667795454.533
    4.50  -667895015.963
    5.00  -667993724.871
    5.50  -668091520.601
    6.00  -668188312.845
    6.50  -668283993.516
    7.00  -668378446.992
    7.50  -668471596.876
    8.00  -668563426.337
    8.50  -668653963.664
    9.00  -668743260.484
    9.50  -668831387.187
   10.00  -668918406.172
   10.50  -669004363.451
   11.00  -669089302.539
   11.50  -669173254.280
   12.00  -669256220.794
   12.50  -669338201.567
   13.00  -669419207.992
   13.50  -669499238.017
   14.00  -669578286.530
   14.50  -669656361.213
   15.00  -669733469.903
   15.50  -669809619.038
   16.00  -669884823.174
   16.50  -669959100.658
   17.00  -670032474.248
   17.50  -670104968.146
   18.00  -670176609.804
   18.50  -670247424.712
   19.00  -670317443.827
   19.50  -670386696.201
   20.00  -670455212.666
   20.50  -670523023.511
   21.00  -670590156.387
   21.50  -670656640.132
   22.00  -670722499.443
   22.50  -670787760.816
   23.00  -670852450.138
   23.50  -670916586.807
   24.00  -670980191.183
   24.50  -671043278.538
   25.00  -671105863.998
   25.50  -671167961.864
   26.00  -671229584.641
   26.50  -671290744.208
   27.00  -671351447.146
   27.50  -671411702.219
   28.00  -671471514.692
   28.50  -671530892.083
   29.00  -671589839.369
   29.50  -671648362.043
   30.00  -671706464.100
   30.50  -671764151.818
   31.00  -671821429.056
   31.50  -671878299.053
   32.00  -671934766.845
   32.50  -671990837.484
   33.00  -672046515.655
   33.50  -672101806.463
   34.00  -672156712.768
   34.50  -672211240.433
   35.00  -672265395.018
   35.50  -672319180.058
   36.00  -672372601.847
   36.50  -672425665.958
   37.00  -672478376.987
   37.50  -672530738.696
   38.00  -672582755.708
   38.50  -672634434.307
   39.00  -672685779.414
   39.50  -672736795.822
   40.00  -672787488.323
   40.50  -672837862.168
   41.00  -672887922.601
   41.50  -672937673.943
   42.00  -672987120.442
   42.50  -673036267.090
   43.00  -673085117.805
   43.50  -673133676.423
   44.00  -673181947.753
   44.50  -673229935.088
   45.00  -673277642.897
   45.50  -673325073.857
   46.00  -673372232.805
   46.50  -673419123.359
   47.00  -673465748.331
   47.50  -673512111.710
   48.00  -673558216.304
   48.50  -673604065.858
   49.00  -673649663.347
   49.50  -673695011.723
   50.00  -673740114.459
   50.50  -673784972.794
   51.00  -673829591.384
   51.50  -673873973.241
   52.00  -673918120.644
   52.50  -673962037.173
   53.00  -674005725.323
   53.50  -674049188.051
   54.00  -674092428.193
   54.50  -674135448.296
   55.00  -674178250.608
   55.50  -674220838.682
   56.00  -674263214.859
   56.50  -674305381.178
   57.00  -674347341.140
   57.50  -674389096.933
   58.00  -674430651.885
   58.50  -674472007.609
   59.00  -674513167.551
   59.50  -674554133.690
   60.00  -674594908.540
   60.50  -674635494.460
   61.00  -674675894.171
   61.50  -674716109.709
   62.00  -674756143.100
   62.50  -674795996.995
   63.00  -674835673.751
   63.50  -674875175.513
   64.00  -674914504.060
   64.50  -674953661.460
   65.00  -674992649.859
   65.50  -675031470.921
   66.00  -675070126.642
   66.50  -675108619.092
   67.00  -675146949.495
   67.50  -675185119.382
   68.00  -675223131.508
   68.50  -675260986.922
   69.00  -675298687.022
   69.50  -675336233.578
   70.00  -675373627.952
   70.50  -675410871.558
   71.00  -675447965.848
   71.50  -675484911.928
   72.00  -675521711.036
   72.50  -675558364.984
   73.00  -675594874.911
   73.50  -675631242.304
   74.00  -675667468.447
   74.50  -675703553.759
   75.00  -675739500.098
   75.50  -675775308.377
   76.00  -675810979.178
   76.50  -675846514.157
   77.00  -675881914.420
   77.50  -675917180.669
   78.00  -675952314.184
   78.50  -675987316.233
   79.00  -676022187.347
   79.50  -676056928.822
   80.00  -676091541.837
   80.50  -676126026.958
   81.00  -676160385.252
   81.50  -676194617.555
   82.00  -676228725.106
   82.50  -676262708.657
   83.00  -676296569.288
   83.50  -676330307.708
   84.00  -676363925.115
   84.50  -676397422.711
   85.00  -676430801.136
   85.50  -676464061.140
   86.00  -676497203.784
   86.50  -676530229.742
   87.00  -676563139.926
   87.50  -676595935.164
   88.00  -676628616.430
   88.50  -676661184.999
   89.00  -676693641.620
   89.50  -676725986.807
   90.00  -676758221.699
   90.50  -676790346.514
   91.00  -676822362.212
   91.50  -676854269.868
   92.00  -676886070.269
   92.50  -676917764.197
   93.00  -676949352.527
   93.50  -676980836.028
   94.00  -677012215.089
   94.50  -677043490.527
   95.00  -677074663.021
   95.50  -677105733.287
   96.00  -677136702.422
   96.50  -677167570.839
   97.00  -677198339.469
   97.50  -677229008.798
   98.00  -677259579.306
   98.50  -677290051.367
   99.00  -677320426.017
   99.50  -677350704.045
  100.00  -677380885.803
