Lk surface

Theta = 0.00266

Maximum at 4Ner(region) = 1.000 : Lk = -1150204207.467



4Ner(region)   Pairwise Lk

    0.00  -1150415535.410
    0.50  -1150241000.040
    1.00  -1150204207.467
    1.50  -1150299442.192
    2.00  -1150442133.916
    2.50  -1150606720.306
    3.00  -1150781381.715
    3.50  -1150959681.494
    4.00  -1151139691.212
    4.50  -1151321272.616
    5.00  -1151504578.283
    5.50  -1151689493.835
    6.00  -1151875709.160
    6.50  -1152062674.179
    7.00  -1152249833.556
    7.50  -1152436660.681
    8.00  -1152622659.382
    8.50  -1152807425.780
    9.00  -1152990673.523
    9.50  -1153172159.058
   10.00  -1153351727.279
   10.50  -1153529261.249
   11.00  -1153704701.261
   11.50  -1153878008.446
   12.00  -1154049200.727
   12.50  -1154218297.487
   13.00  -1154385361.792
   13.50  -1154550456.320
   14.00  -1154713663.026
   14.50  -1154875064.367
   15.00  -1155034747.650
   15.50  -1155192794.533
   16.00  -1155349281.183
   16.50  -1155504274.250
   17.00  -1155657838.150
   17.50  -1155810022.017
   18.00  -1155960870.268
   18.50  -1156110421.239
   19.00  -1156258703.710
   19.50  -1156405749.393
   20.00  -1156551573.576
   20.50  -1156696194.781
   21.00  -1156839623.826
   21.50  -1156981873.529
   22.00  -1157122954.932
   22.50  -1157262881.647
   23.00  -1157401661.709
   23.50  -1157539309.366
   24.00  -1157675832.381
   24.50  -1157811242.563
   25.00  -1157945556.384
   25.50  -1158078786.753
   26.00  -1158210952.066
   26.50  -1158342071.038
   27.00  -1158472158.352
   27.50  -1158601231.149
   28.00  -1158729306.397
   28.50  -1158856401.679
   29.00  -1158982537.727
   29.50  -1159107732.104
   30.00  -1159232002.160
   30.50  -1159355366.053
   31.00  -1159477843.488
   31.50  -1159599450.422
   32.00  -1159720204.322
   32.50  -1159840123.276
   33.00  -1159959222.093
   33.50  -1160077517.709
   34.00  -1160195026.546
   34.50  -1160311762.078
   35.00  -1160427739.337
   35.50  -1160542974.289
   36.00  -1160657479.244
   36.50  -1160771266.121
   37.00  -1160884347.203
   37.50  -1160996734.798
   38.00  -1161108439.568
   38.50  -1161219473.924
   39.00  -1161329846.942
   39.50  -1161439570.896
   40.00  -1161548654.451
   40.50  -1161657108.783
   41.00  -1161764942.053
   41.50  -1161872163.106
   42.00  -1161978780.706
   42.50  -1162084803.717
   43.00  -1162190241.512
   43.50  -1162295101.362
   44.00  -1162399392.294
   44.50  -1162503121.553
   45.00  -1162606297.090
   45.50  -1162708927.570
   46.00  -1162811018.506
   46.50  -1162912578.497
   47.00  -1163013614.237
   47.50  -1163114132.934
   48.00  -1163214139.604
   48.50  -1163313642.177
   49.00  -1163412646.718
   49.50  -1163511159.961
   50.00  -1163609187.413
   50.50  -1163706734.796
   51.00  -1163803807.382
   51.50  -1163900411.543
   52.00  -1163996552.051
   52.50  -1164092234.696
   53.00  -1164187463.934
   53.50  -1164282245.992
   54.00  -1164376584.642
   54.50  -1164470485.594
   55.00  -1164563953.196
   55.50  -1164656991.137
   56.00  -1164749605.050
   56.50  -1164841799.011
   57.00  -1164933577.172
   57.50  -1165024943.279
   58.00  -1165115902.034
   58.50  -1165206457.569
   59.00  -1165296613.086
   59.50  -1165386373.619
   60.00  -1165475742.640
   60.50  -1165564723.996
   61.00  -1165653322.049
   61.50  -1165741540.214
   62.00  -1165829382.015
   62.50  -1165916852.020
   63.00  -1166003953.603
   63.50  -1166090690.468
   64.00  -1166177065.874
   64.50  -1166263083.521
   65.00  -1166348747.003
   65.50  -1166434061.072
   66.00  -1166519029.190
   66.50  -1166603653.956
   67.00  -1166687938.742
   67.50  -1166771887.079
   68.00  -1166855502.682
   68.50  -1166938788.823
   69.00  -1167021748.768
   69.50  -1167104386.484
   70.00  -1167186704.829
   70.50  -1167268707.076
   71.00  -1167350395.717
   71.50  -1167431774.490
   72.00  -1167512846.082
   72.50  -1167593614.482
   73.00  -1167674081.431
   73.50  -1167754250.792
   74.00  -1167834125.346
   74.50  -1167913708.054
   75.00  -1167993000.811
   75.50  -1168072006.640
   76.00  -1168150728.734
   76.50  -1168229169.452
   77.00  -1168307331.710
   77.50  -1168385217.929
   78.00  -1168462830.850
   78.50  -1168540172.367
   79.00  -1168617244.681
   79.50  -1168694050.190
   80.00  -1168770591.452
   80.50  -1168846870.494
   81.00  -1168922889.623
   81.50  -1168998650.687
   82.00  -1169074155.650
   82.50  -1169149406.957
   83.00  -1169224406.296
   83.50  -1169299156.119
   84.00  -1169373657.993
   84.50  -1169447914.338
   85.00  -1169521926.380
   85.50  -1169595696.093
   86.00  -1169669225.455
   86.50  -1169742515.803
   87.00  -1169815568.959
   87.50  -1169888386.577
   88.00  -1169960970.255
   88.50  -1170033322.266
   89.00  -1170105444.039
   89.50  -1170177337.080
   90.00  -1170249002.594
   90.50  -1170320442.637
   91.00  -1170391658.225
   91.50  -1170462650.747
   92.00  -1170533422.132
   92.50  -1170603973.624
   93.00  -1170674306.731
   93.50  -1170744422.770
   94.00  -1170814323.180
   94.50  -1170884009.407
   95.00  -1170953482.207
   95.50  -1171022743.620
   96.00  -1171091794.788
   96.50  -1171160637.086
   97.00  -1171229271.707
   97.50  -1171297699.970
   98.00  -1171365922.686
   98.50  -1171433941.569
   99.00  -1171501758.161
   99.50  -1171569373.287
  100.00  -1171636788.590
