Lk surface

Theta = 0.00142

Maximum at 4Ner(region) = 4.500 : Lk = -266014586.832



4Ner(region)   Pairwise Lk

    0.00  -266379727.814
    0.50  -266212635.718
    1.00  -266100790.076
    1.50  -266059440.490
    2.00  -266039280.450
    2.50  -266027809.936
    3.00  -266021108.373
    3.50  -266017141.303
    4.00  -266015051.950
    4.50  -266014586.832
    5.00  -266015756.635
    5.50  -266018581.456
    6.00  -266023015.064
    6.50  -266028929.447
    7.00  -266036124.464
    7.50  -266044383.118
    8.00  -266053488.353
    8.50  -266063247.091
    9.00  -266073481.258
    9.50  -266084055.581
   10.00  -266094841.925
   10.50  -266105751.517
   11.00  -266116715.630
   11.50  -266127685.219
   12.00  -266138620.275
   12.50  -266149507.780
   13.00  -266160336.470
   13.50  -266171103.718
   14.00  -266181814.549
   14.50  -266192477.325
   15.00  -266203103.063
   15.50  -266213700.272
   16.00  -266224275.810
   16.50  -266234839.914
   17.00  -266245399.834
   17.50  -266255959.359
   18.00  -266266520.462
   18.50  -266277081.683
   19.00  -266287645.293
   19.50  -266298207.672
   20.00  -266308764.910
   20.50  -266319314.906
   21.00  -266329854.850
   21.50  -266340380.871
   22.00  -266350887.061
   22.50  -266361372.089
   23.00  -266371833.100
   23.50  -266382268.853
   24.00  -266392677.498
   24.50  -266403057.697
   25.00  -266413408.362
   25.50  -266423728.640
   26.00  -266434018.048
   26.50  -266444276.806
   27.00  -266454503.969
   27.50  -266464699.766
   28.00  -266474862.791
   28.50  -266484993.194
   29.00  -266495089.694
   29.50  -266505151.700
   30.00  -266515178.892
   30.50  -266525170.739
   31.00  -266535125.965
   31.50  -266545043.539
   32.00  -266554923.607
   32.50  -266564764.310
   33.00  -266574564.528
   33.50  -266584323.882
   34.00  -266594040.476
   34.50  -266603714.059
   35.00  -266613343.991
   35.50  -266622929.130
   36.00  -266632468.361
   36.50  -266641961.499
   37.00  -266651407.866
   37.50  -266660807.704
   38.00  -266670159.255
   38.50  -266679463.287
   39.00  -266688719.592
   39.50  -266697928.009
   40.00  -266707089.145
   40.50  -266716203.420
   41.00  -266725270.629
   41.50  -266734290.871
   42.00  -266743265.290
   42.50  -266752194.242
   43.00  -266761078.378
   43.50  -266769918.321
   44.00  -266778714.281
   44.50  -266787466.697
   45.00  -266796176.070
   45.50  -266804843.483
   46.00  -266813469.144
   46.50  -266822053.686
   47.00  -266830597.367
   47.50  -266839100.212
   48.00  -266847563.554
   48.50  -266855987.139
   49.00  -266864371.704
   49.50  -266872717.552
   50.00  -266881024.901
   50.50  -266889294.336
   51.00  -266897526.156
   51.50  -266905720.768
   52.00  -266913878.357
   52.50  -266921999.289
   53.00  -266930083.506
   53.50  -266938131.690
   54.00  -266946144.470
   54.50  -266954121.840
   55.00  -266962064.201
   55.50  -266969971.821
   56.00  -266977845.581
   56.50  -266985685.746
   57.00  -266993492.601
   57.50  -267001266.518
   58.00  -267009007.356
   58.50  -267016715.970
   59.00  -267024392.667
   59.50  -267032038.553
   60.00  -267039653.554
   60.50  -267047238.045
   61.00  -267054792.767
   61.50  -267062317.292
   62.00  -267069812.583
   62.50  -267077279.014
   63.00  -267084717.041
   63.50  -267092126.754
   64.00  -267099508.319
   64.50  -267106862.375
   65.00  -267114189.399
   65.50  -267121489.756
   66.00  -267128763.611
   66.50  -267136011.795
   67.00  -267143234.317
   67.50  -267150431.853
   68.00  -267157604.114
   68.50  -267164751.751
   69.00  -267171874.603
   69.50  -267178973.104
   70.00  -267186047.790
   70.50  -267193098.600
   71.00  -267200125.892
   71.50  -267207129.918
   72.00  -267214110.954
   72.50  -267221069.414
   73.00  -267228005.684
   73.50  -267234919.759
   74.00  -267241811.884
   74.50  -267248682.137
   75.00  -267255530.791
   75.50  -267262358.142
   76.00  -267269164.265
   76.50  -267275949.196
   77.00  -267282713.354
   77.50  -267289456.820
   78.00  -267296179.989
   78.50  -267302882.852
   79.00  -267309565.612
   79.50  -267316228.450
   80.00  -267322871.551
   80.50  -267329494.997
   81.00  -267336098.872
   81.50  -267342683.425
   82.00  -267349248.905
   82.50  -267355795.407
   83.00  -267362322.829
   83.50  -267368831.341
   84.00  -267375321.082
   84.50  -267381792.339
   85.00  -267388245.091
   85.50  -267394679.406
   86.00  -267401095.460
   86.50  -267407493.270
   87.00  -267413873.011
   87.50  -267420234.823
   88.00  -267426578.732
   88.50  -267432904.903
   89.00  -267439213.505
   89.50  -267445504.481
   90.00  -267451777.938
   90.50  -267458034.178
   91.00  -267464273.052
   91.50  -267470494.830
   92.00  -267476699.588
   92.50  -267482887.420
   93.00  -267489058.416
   93.50  -267495212.509
   94.00  -267501349.620
   94.50  -267507470.187
   95.00  -267513574.046
   95.50  -267519661.278
   96.00  -267525732.083
   96.50  -267531786.504
   97.00  -267537824.715
   97.50  -267543846.873
   98.00  -267549852.994
   98.50  -267555843.152
   99.00  -267561817.336
   99.50  -267567775.439
  100.00  -267573717.765
