Lk surface

Theta = 0.00005

Maximum at 4Ner(region) = 0.000 : Lk = -251768.807



4Ner(region)   Pairwise Lk

    0.00  -251768.807
    0.50  -251820.977
    1.00  -251855.175
    1.50  -251862.165
    2.00  -251857.154
    2.50  -251853.385
    3.00  -251856.669
    3.50  -251866.535
    4.00  -251880.478
    4.50  -251896.031
    5.00  -251912.199
    5.50  -251927.837
    6.00  -251942.755
    6.50  -251957.161
    7.00  -251971.392
    7.50  -251984.996
    8.00  -251998.176
    8.50  -252010.977
    9.00  -252023.016
    9.50  -252034.590
   10.00  -252045.695
   10.50  -252056.451
   11.00  -252066.837
   11.50  -252077.118
   12.00  -252087.167
   12.50  -252097.042
   13.00  -252106.590
   13.50  -252116.048
   14.00  -252125.261
   14.50  -252134.249
   15.00  -252143.105
   15.50  -252151.782
   16.00  -252160.214
   16.50  -252168.453
   17.00  -252176.598
   17.50  -252184.640
   18.00  -252192.623
   18.50  -252200.452
   19.00  -252208.265
   19.50  -252216.027
   20.00  -252223.762
   20.50  -252231.483
   21.00  -252239.105
   21.50  -252246.697
   22.00  -252254.306
   22.50  -252261.823
   23.00  -252269.248
   23.50  -252276.619
   24.00  -252283.926
   24.50  -252291.128
   25.00  -252298.199
   25.50  -252305.219
   26.00  -252312.147
   26.50  -252318.974
   27.00  -252325.678
   27.50  -252332.343
   28.00  -252338.955
   28.50  -252345.464
   29.00  -252351.876
   29.50  -252358.208
   30.00  -252364.463
   30.50  -252370.642
   31.00  -252376.754
   31.50  -252382.799
   32.00  -252388.774
   32.50  -252394.714
   33.00  -252400.594
   33.50  -252406.420
   34.00  -252412.206
   34.50  -252417.942
   35.00  -252423.644
   35.50  -252429.339
   36.00  -252435.003
   36.50  -252440.639
   37.00  -252446.262
   37.50  -252451.858
   38.00  -252457.409
   38.50  -252462.929
   39.00  -252468.440
   39.50  -252473.914
   40.00  -252479.372
   40.50  -252484.820
   41.00  -252490.251
   41.50  -252495.643
   42.00  -252501.009
   42.50  -252506.364
   43.00  -252511.697
   43.50  -252516.971
   44.00  -252522.222
   44.50  -252527.438
   45.00  -252532.619
   45.50  -252537.777
   46.00  -252542.900
   46.50  -252547.982
   47.00  -252553.024
   47.50  -252558.042
   48.00  -252563.036
   48.50  -252567.980
   49.00  -252572.883
   49.50  -252577.767
   50.00  -252582.609
   50.50  -252587.420
   51.00  -252592.199
   51.50  -252596.946
   52.00  -252601.647
   52.50  -252606.321
   53.00  -252610.977
   53.50  -252615.612
   54.00  -252620.219
   54.50  -252624.803
   55.00  -252629.364
   55.50  -252633.911
   56.00  -252638.436
   56.50  -252642.926
   57.00  -252647.393
   57.50  -252651.837
   58.00  -252656.263
   58.50  -252660.660
   59.00  -252665.044
   59.50  -252669.406
   60.00  -252673.751
   60.50  -252678.074
   61.00  -252682.386
   61.50  -252686.679
   62.00  -252690.958
   62.50  -252695.220
   63.00  -252699.472
   63.50  -252703.712
   64.00  -252707.935
   64.50  -252712.142
   65.00  -252716.336
   65.50  -252720.511
   66.00  -252724.674
   66.50  -252728.826
   67.00  -252732.959
   67.50  -252737.080
   68.00  -252741.186
   68.50  -252745.282
   69.00  -252749.370
   69.50  -252753.446
   70.00  -252757.509
   70.50  -252761.556
   71.00  -252765.580
   71.50  -252769.584
   72.00  -252773.571
   72.50  -252777.542
   73.00  -252781.495
   73.50  -252785.438
   74.00  -252789.360
   74.50  -252793.264
   75.00  -252797.151
   75.50  -252801.027
   76.00  -252804.883
   76.50  -252808.716
   77.00  -252812.527
   77.50  -252816.320
   78.00  -252820.095
   78.50  -252823.855
   79.00  -252827.595
   79.50  -252831.306
   80.00  -252834.998
   80.50  -252838.671
   81.00  -252842.322
   81.50  -252845.950
   82.00  -252849.562
   82.50  -252853.148
   83.00  -252856.719
   83.50  -252860.270
   84.00  -252863.795
   84.50  -252867.298
   85.00  -252870.776
   85.50  -252874.236
   86.00  -252877.678
   86.50  -252881.097
   87.00  -252884.496
   87.50  -252887.877
   88.00  -252891.240
   88.50  -252894.586
   89.00  -252897.912
   89.50  -252901.219
   90.00  -252904.507
   90.50  -252907.771
   91.00  -252911.020
   91.50  -252914.252
   92.00  -252917.464
   92.50  -252920.658
   93.00  -252923.837
   93.50  -252927.005
   94.00  -252930.161
   94.50  -252933.303
   95.00  -252936.430
   95.50  -252939.546
   96.00  -252942.645
   96.50  -252945.732
   97.00  -252948.810
   97.50  -252951.877
   98.00  -252954.930
   98.50  -252957.970
   99.00  -252961.001
   99.50  -252964.018
  100.00  -252967.027
