Lk surface

Theta = 0.00006

Maximum at 4Ner(region) = 1.500 : Lk = -627369.741



4Ner(region)   Pairwise Lk

    0.00  -627766.423
    0.50  -627540.941
    1.00  -627397.861
    1.50  -627369.741
    2.00  -627376.197
    2.50  -627405.259
    3.00  -627449.449
    3.50  -627502.940
    4.00  -627561.998
    4.50  -627623.806
    5.00  -627686.892
    5.50  -627750.019
    6.00  -627812.092
    6.50  -627873.431
    7.00  -627933.684
    7.50  -627992.422
    8.00  -628050.218
    8.50  -628107.030
    9.00  -628163.062
    9.50  -628218.200
   10.00  -628272.478
   10.50  -628326.100
   11.00  -628379.400
   11.50  -628432.199
   12.00  -628484.354
   12.50  -628535.802
   13.00  -628586.674
   13.50  -628637.059
   14.00  -628686.952
   14.50  -628736.297
   15.00  -628784.967
   15.50  -628833.119
   16.00  -628880.667
   16.50  -628927.658
   17.00  -628974.028
   17.50  -629019.841
   18.00  -629065.126
   18.50  -629109.857
   19.00  -629154.053
   19.50  -629197.793
   20.00  -629241.019
   20.50  -629283.813
   21.00  -629326.069
   21.50  -629367.789
   22.00  -629409.053
   22.50  -629449.883
   23.00  -629490.298
   23.50  -629530.236
   24.00  -629569.745
   24.50  -629608.884
   25.00  -629647.624
   25.50  -629686.051
   26.00  -629724.124
   26.50  -629761.870
   27.00  -629799.313
   27.50  -629836.440
   28.00  -629873.273
   28.50  -629909.844
   29.00  -629946.173
   29.50  -629982.235
   30.00  -630017.994
   30.50  -630053.517
   31.00  -630088.797
   31.50  -630123.852
   32.00  -630158.698
   32.50  -630193.349
   33.00  -630227.793
   33.50  -630262.009
   34.00  -630296.032
   34.50  -630329.841
   35.00  -630363.437
   35.50  -630396.848
   36.00  -630430.060
   36.50  -630463.099
   37.00  -630495.938
   37.50  -630528.555
   38.00  -630560.982
   38.50  -630593.231
   39.00  -630625.273
   39.50  -630657.134
   40.00  -630688.796
   40.50  -630720.231
   41.00  -630751.475
   41.50  -630782.561
   42.00  -630813.470
   42.50  -630844.202
   43.00  -630874.761
   43.50  -630905.145
   44.00  -630935.327
   44.50  -630965.312
   45.00  -630995.139
   45.50  -631024.797
   46.00  -631054.296
   46.50  -631083.628
   47.00  -631112.805
   47.50  -631141.821
   48.00  -631170.669
   48.50  -631199.354
   49.00  -631227.871
   49.50  -631256.221
   50.00  -631284.405
   50.50  -631312.427
   51.00  -631340.305
   51.50  -631368.022
   52.00  -631395.600
   52.50  -631423.034
   53.00  -631450.317
   53.50  -631477.441
   54.00  -631504.428
   54.50  -631531.272
   55.00  -631557.971
   55.50  -631584.516
   56.00  -631610.922
   56.50  -631637.188
   57.00  -631663.325
   57.50  -631689.333
   58.00  -631715.208
   58.50  -631740.947
   59.00  -631766.537
   59.50  -631792.003
   60.00  -631817.342
   60.50  -631842.557
   61.00  -631867.647
   61.50  -631892.606
   62.00  -631917.454
   62.50  -631942.177
   63.00  -631966.786
   63.50  -631991.275
   64.00  -632015.653
   64.50  -632039.934
   65.00  -632064.114
   65.50  -632088.179
   66.00  -632112.136
   66.50  -632135.989
   67.00  -632159.744
   67.50  -632183.396
   68.00  -632206.945
   68.50  -632230.394
   69.00  -632253.757
   69.50  -632277.034
   70.00  -632300.213
   70.50  -632323.309
   71.00  -632346.313
   71.50  -632369.219
   72.00  -632392.039
   72.50  -632414.784
   73.00  -632437.439
   73.50  -632460.009
   74.00  -632482.495
   74.50  -632504.900
   75.00  -632527.235
   75.50  -632549.498
   76.00  -632571.683
   76.50  -632593.792
   77.00  -632615.825
   77.50  -632637.777
   78.00  -632659.653
   78.50  -632681.454
   79.00  -632703.195
   79.50  -632724.867
   80.00  -632746.464
   80.50  -632767.996
   81.00  -632789.468
   81.50  -632810.869
   82.00  -632832.204
   82.50  -632853.470
   83.00  -632874.665
   83.50  -632895.808
   84.00  -632916.889
   84.50  -632937.903
   85.00  -632958.863
   85.50  -632979.761
   86.00  -633000.597
   86.50  -633021.366
   87.00  -633042.075
   87.50  -633062.728
   88.00  -633083.322
   88.50  -633103.864
   89.00  -633124.347
   89.50  -633144.778
   90.00  -633165.151
   90.50  -633185.467
   91.00  -633205.728
   91.50  -633225.934
   92.00  -633246.087
   92.50  -633266.181
   93.00  -633286.216
   93.50  -633306.196
   94.00  -633326.122
   94.50  -633345.993
   95.00  -633365.818
   95.50  -633385.585
   96.00  -633405.294
   96.50  -633424.948
   97.00  -633444.548
   97.50  -633464.101
   98.00  -633483.601
   98.50  -633503.045
   99.00  -633522.436
   99.50  -633541.776
  100.00  -633561.063
