Lk surface

Theta = 0.00005

Maximum at 4Ner(region) = 0.000 : Lk = -373052.591



4Ner(region)   Pairwise Lk

    0.00  -373052.591
    0.50  -373066.327
    1.00  -373096.032
    1.50  -373140.769
    2.00  -373182.967
    2.50  -373218.252
    3.00  -373249.377
    3.50  -373277.941
    4.00  -373304.979
    4.50  -373331.846
    5.00  -373358.414
    5.50  -373385.289
    6.00  -373411.921
    6.50  -373438.258
    7.00  -373464.466
    7.50  -373490.271
    8.00  -373515.820
    8.50  -373540.989
    9.00  -373565.812
    9.50  -373590.581
   10.00  -373615.175
   10.50  -373639.363
   11.00  -373663.352
   11.50  -373687.224
   12.00  -373710.886
   12.50  -373734.191
   13.00  -373757.091
   13.50  -373779.729
   14.00  -373801.968
   14.50  -373823.859
   15.00  -373845.391
   15.50  -373866.457
   16.00  -373887.222
   16.50  -373907.789
   17.00  -373928.075
   17.50  -373948.167
   18.00  -373968.019
   18.50  -373987.683
   19.00  -374007.216
   19.50  -374026.567
   20.00  -374045.716
   20.50  -374064.754
   21.00  -374083.636
   21.50  -374102.379
   22.00  -374121.001
   22.50  -374139.507
   23.00  -374157.855
   23.50  -374176.091
   24.00  -374194.206
   24.50  -374212.164
   25.00  -374229.965
   25.50  -374247.641
   26.00  -374265.153
   26.50  -374282.472
   27.00  -374299.641
   27.50  -374316.682
   28.00  -374333.551
   28.50  -374350.223
   29.00  -374366.770
   29.50  -374383.156
   30.00  -374399.357
   30.50  -374415.429
   31.00  -374431.359
   31.50  -374447.144
   32.00  -374462.792
   32.50  -374478.309
   33.00  -374493.690
   33.50  -374508.955
   34.00  -374524.104
   34.50  -374539.114
   35.00  -374554.020
   35.50  -374568.818
   36.00  -374583.508
   36.50  -374598.125
   37.00  -374612.664
   37.50  -374627.089
   38.00  -374641.415
   38.50  -374655.664
   39.00  -374669.834
   39.50  -374683.950
   40.00  -374697.989
   40.50  -374711.943
   41.00  -374725.827
   41.50  -374739.632
   42.00  -374753.378
   42.50  -374767.062
   43.00  -374780.670
   43.50  -374794.198
   44.00  -374807.664
   44.50  -374821.069
   45.00  -374834.395
   45.50  -374847.658
   46.00  -374860.873
   46.50  -374874.012
   47.00  -374887.079
   47.50  -374900.070
   48.00  -374912.983
   48.50  -374925.829
   49.00  -374938.608
   49.50  -374951.328
   50.00  -374963.973
   50.50  -374976.553
   51.00  -374989.060
   51.50  -375001.490
   52.00  -375013.857
   52.50  -375026.163
   53.00  -375038.409
   53.50  -375050.583
   54.00  -375062.684
   54.50  -375074.722
   55.00  -375086.687
   55.50  -375098.582
   56.00  -375110.412
   56.50  -375122.182
   57.00  -375133.889
   57.50  -375145.531
   58.00  -375157.105
   58.50  -375168.614
   59.00  -375180.067
   59.50  -375191.463
   60.00  -375202.802
   60.50  -375214.097
   61.00  -375225.335
   61.50  -375236.519
   62.00  -375247.639
   62.50  -375258.714
   63.00  -375269.738
   63.50  -375280.714
   64.00  -375291.640
   64.50  -375302.526
   65.00  -375313.366
   65.50  -375324.156
   66.00  -375334.911
   66.50  -375345.632
   67.00  -375356.321
   67.50  -375366.961
   68.00  -375377.564
   68.50  -375388.135
   69.00  -375398.657
   69.50  -375409.145
   70.00  -375419.594
   70.50  -375430.016
   71.00  -375440.404
   71.50  -375450.759
   72.00  -375461.084
   72.50  -375471.374
   73.00  -375481.632
   73.50  -375491.853
   74.00  -375502.041
   74.50  -375512.194
   75.00  -375522.316
   75.50  -375532.403
   76.00  -375542.457
   76.50  -375552.473
   77.00  -375562.463
   77.50  -375572.421
   78.00  -375582.346
   78.50  -375592.235
   79.00  -375602.088
   79.50  -375611.902
   80.00  -375621.682
   80.50  -375631.429
   81.00  -375641.142
   81.50  -375650.822
   82.00  -375660.473
   82.50  -375670.097
   83.00  -375679.685
   83.50  -375689.240
   84.00  -375698.759
   84.50  -375708.239
   85.00  -375717.690
   85.50  -375727.115
   86.00  -375736.511
   86.50  -375745.876
   87.00  -375755.213
   87.50  -375764.519
   88.00  -375773.789
   88.50  -375783.027
   89.00  -375792.235
   89.50  -375801.414
   90.00  -375810.561
   90.50  -375819.673
   91.00  -375828.753
   91.50  -375837.806
   92.00  -375846.829
   92.50  -375855.822
   93.00  -375864.788
   93.50  -375873.723
   94.00  -375882.631
   94.50  -375891.517
   95.00  -375900.383
   95.50  -375909.218
   96.00  -375918.029
   96.50  -375926.814
   97.00  -375935.569
   97.50  -375944.298
   98.00  -375952.999
   98.50  -375961.674
   99.00  -375970.318
   99.50  -375978.941
  100.00  -375987.542
