Lk surface

Theta = 0.00057

Maximum at 4Ner(region) = 0.000 : Lk = -22867743.167



4Ner(region)   Pairwise Lk

    0.00  -22867743.167
    0.50  -22902292.664
    1.00  -22922324.749
    1.50  -22922067.151
    2.00  -22917593.313
    2.50  -22913708.196
    3.00  -22910864.562
    3.50  -22908604.965
    4.00  -22906606.180
    4.50  -22904725.167
    5.00  -22902995.323
    5.50  -22901474.175
    6.00  -22900194.518
    6.50  -22899157.008
    7.00  -22898346.152
    7.50  -22897731.814
    8.00  -22897286.977
    8.50  -22896976.543
    9.00  -22896770.500
    9.50  -22896638.274
   10.00  -22896550.500
   10.50  -22896483.898
   11.00  -22896423.578
   11.50  -22896358.676
   12.00  -22896277.541
   12.50  -22896175.143
   13.00  -22896049.929
   13.50  -22895902.026
   14.00  -22895732.264
   14.50  -22895545.812
   15.00  -22895347.193
   15.50  -22895141.212
   16.00  -22894935.533
   16.50  -22894734.644
   17.00  -22894542.386
   17.50  -22894364.221
   18.00  -22894203.438
   18.50  -22894062.603
   19.00  -22893943.922
   19.50  -22893847.388
   20.00  -22893773.564
   20.50  -22893721.796
   21.00  -22893692.173
   21.50  -22893683.038
   22.00  -22893692.589
   22.50  -22893719.456
   23.00  -22893761.358
   23.50  -22893816.451
   24.00  -22893882.611
   24.50  -22893957.747
   25.00  -22894039.935
   25.50  -22894127.448
   26.00  -22894218.872
   26.50  -22894312.480
   27.00  -22894406.880
   27.50  -22894501.128
   28.00  -22894595.006
   28.50  -22894687.968
   29.00  -22894778.822
   29.50  -22894867.634
   30.00  -22894954.149
   30.50  -22895037.945
   31.00  -22895118.801
   31.50  -22895196.561
   32.00  -22895271.701
   32.50  -22895343.743
   33.00  -22895412.998
   33.50  -22895479.510
   34.00  -22895543.459
   34.50  -22895604.788
   35.00  -22895663.124
   35.50  -22895718.525
   36.00  -22895771.163
   36.50  -22895821.601
   37.00  -22895869.687
   37.50  -22895915.200
   38.00  -22895958.342
   38.50  -22895999.268
   39.00  -22896037.979
   39.50  -22896074.832
   40.00  -22896110.206
   40.50  -22896144.215
   41.00  -22896176.938
   41.50  -22896208.775
   42.00  -22896239.940
   42.50  -22896270.514
   43.00  -22896300.783
   43.50  -22896330.552
   44.00  -22896360.092
   44.50  -22896389.584
   45.00  -22896419.197
   45.50  -22896449.073
   46.00  -22896479.413
   46.50  -22896509.859
   47.00  -22896540.570
   47.50  -22896571.857
   48.00  -22896603.645
   48.50  -22896635.889
   49.00  -22896668.607
   49.50  -22896701.756
   50.00  -22896735.291
   50.50  -22896769.034
   51.00  -22896803.025
   51.50  -22896837.111
   52.00  -22896871.156
   52.50  -22896905.397
   53.00  -22896939.581
   53.50  -22896973.789
   54.00  -22897007.956
   54.50  -22897041.926
   55.00  -22897075.746
   55.50  -22897109.339
   56.00  -22897142.509
   56.50  -22897175.174
   57.00  -22897207.412
   57.50  -22897239.193
   58.00  -22897270.542
   58.50  -22897301.554
   59.00  -22897332.144
   59.50  -22897362.091
   60.00  -22897391.487
   60.50  -22897420.459
   61.00  -22897448.840
   61.50  -22897476.688
   62.00  -22897504.064
   62.50  -22897531.078
   63.00  -22897557.549
   63.50  -22897583.592
   64.00  -22897609.345
   64.50  -22897634.852
   65.00  -22897660.041
   65.50  -22897684.898
   66.00  -22897709.445
   66.50  -22897733.854
   67.00  -22897758.129
   67.50  -22897782.207
   68.00  -22897806.184
   68.50  -22897830.090
   69.00  -22897854.152
   69.50  -22897878.306
   70.00  -22897902.599
   70.50  -22897927.018
   71.00  -22897951.688
   71.50  -22897976.535
   72.00  -22898001.672
   72.50  -22898027.127
   73.00  -22898052.872
   73.50  -22898078.918
   74.00  -22898105.387
   74.50  -22898132.365
   75.00  -22898159.834
   75.50  -22898187.798
   76.00  -22898216.114
   76.50  -22898244.816
   77.00  -22898274.052
   77.50  -22898303.775
   78.00  -22898333.969
   78.50  -22898364.694
   79.00  -22898395.887
   79.50  -22898427.519
   80.00  -22898459.647
   80.50  -22898492.288
   81.00  -22898525.454
   81.50  -22898559.132
   82.00  -22898593.250
   82.50  -22898627.694
   83.00  -22898662.573
   83.50  -22898697.740
   84.00  -22898733.339
   84.50  -22898769.373
   85.00  -22898805.789
   85.50  -22898842.552
   86.00  -22898879.706
   86.50  -22898917.162
   87.00  -22898955.011
   87.50  -22898993.162
   88.00  -22899031.557
   88.50  -22899070.144
   89.00  -22899108.996
   89.50  -22899148.102
   90.00  -22899187.426
   90.50  -22899227.004
   91.00  -22899266.747
   91.50  -22899306.634
   92.00  -22899346.708
   92.50  -22899387.058
   93.00  -22899427.613
   93.50  -22899468.309
   94.00  -22899509.204
   94.50  -22899550.351
   95.00  -22899591.695
   95.50  -22899633.226
   96.00  -22899674.924
   96.50  -22899716.824
   97.00  -22899758.926
   97.50  -22899801.191
   98.00  -22899843.664
   98.50  -22899886.326
   99.00  -22899929.133
   99.50  -22899972.135
  100.00  -22900015.297
