Lk surface

Theta = 0.00056

Maximum at 4Ner(region) = 1.000 : Lk = -24362434.216



4Ner(region)   Pairwise Lk

    0.00  -24378742.542
    0.50  -24367048.433
    1.00  -24362434.216
    1.50  -24366893.347
    2.00  -24370547.604
    2.50  -24371985.156
    3.00  -24372063.499
    3.50  -24371608.618
    4.00  -24371145.265
    4.50  -24370899.509
    5.00  -24370923.528
    5.50  -24371169.068
    6.00  -24371557.588
    6.50  -24372006.269
    7.00  -24372456.514
    7.50  -24372873.055
    8.00  -24373243.355
    8.50  -24373572.297
    9.00  -24373863.533
    9.50  -24374124.214
   10.00  -24374362.289
   10.50  -24374580.349
   11.00  -24374778.697
   11.50  -24374958.538
   12.00  -24375118.519
   12.50  -24375257.742
   13.00  -24375375.841
   13.50  -24375471.642
   14.00  -24375547.313
   14.50  -24375605.111
   15.00  -24375648.407
   15.50  -24375681.249
   16.00  -24375708.008
   16.50  -24375731.262
   17.00  -24375754.921
   17.50  -24375783.530
   18.00  -24375819.271
   18.50  -24375864.268
   19.00  -24375920.714
   19.50  -24375988.747
   20.00  -24376068.921
   20.50  -24376159.869
   21.00  -24376261.938
   21.50  -24376374.012
   22.00  -24376494.104
   22.50  -24376620.632
   23.00  -24376751.495
   23.50  -24376886.263
   24.00  -24377023.274
   24.50  -24377160.853
   25.00  -24377298.610
   25.50  -24377436.589
   26.00  -24377573.365
   26.50  -24377708.465
   27.00  -24377841.330
   27.50  -24377971.705
   28.00  -24378100.264
   28.50  -24378226.240
   29.00  -24378349.582
   29.50  -24378470.453
   30.00  -24378588.575
   30.50  -24378704.344
   31.00  -24378817.481
   31.50  -24378928.314
   32.00  -24379036.982
   32.50  -24379143.240
   33.00  -24379247.007
   33.50  -24379348.347
   34.00  -24379447.040
   34.50  -24379543.570
   35.00  -24379637.748
   35.50  -24379729.456
   36.00  -24379818.896
   36.50  -24379905.760
   37.00  -24379990.202
   37.50  -24380072.474
   38.00  -24380152.665
   38.50  -24380231.053
   39.00  -24380307.470
   39.50  -24380382.014
   40.00  -24380454.927
   40.50  -24380526.473
   41.00  -24380596.422
   41.50  -24380665.207
   42.00  -24380732.913
   42.50  -24380799.351
   43.00  -24380864.971
   43.50  -24380929.593
   44.00  -24380993.599
   44.50  -24381057.125
   45.00  -24381120.438
   45.50  -24381183.383
   46.00  -24381245.984
   46.50  -24381308.356
   47.00  -24381370.540
   47.50  -24381432.732
   48.00  -24381495.054
   48.50  -24381557.555
   49.00  -24381620.095
   49.50  -24381682.797
   50.00  -24381745.754
   50.50  -24381808.860
   51.00  -24381872.272
   51.50  -24381936.190
   52.00  -24382000.274
   52.50  -24382064.665
   53.00  -24382129.443
   53.50  -24382194.571
   54.00  -24382260.153
   54.50  -24382326.124
   55.00  -24382392.491
   55.50  -24382459.183
   56.00  -24382526.273
   56.50  -24382593.728
   57.00  -24382661.609
   57.50  -24382729.817
   58.00  -24382798.320
   58.50  -24382867.159
   59.00  -24382936.229
   59.50  -24383005.601
   60.00  -24383075.134
   60.50  -24383144.867
   61.00  -24383214.829
   61.50  -24383284.897
   62.00  -24383354.902
   62.50  -24383424.935
   63.00  -24383494.861
   63.50  -24383564.794
   64.00  -24383634.706
   64.50  -24383704.632
   65.00  -24383774.462
   65.50  -24383844.142
   66.00  -24383913.716
   66.50  -24383983.086
   67.00  -24384052.352
   67.50  -24384121.406
   68.00  -24384190.219
   68.50  -24384258.814
   69.00  -24384327.031
   69.50  -24384394.937
   70.00  -24384462.648
   70.50  -24384530.124
   71.00  -24384597.355
   71.50  -24384664.235
   72.00  -24384730.701
   72.50  -24384796.871
   73.00  -24384862.834
   73.50  -24384928.471
   74.00  -24384993.784
   74.50  -24385058.748
   75.00  -24385123.386
   75.50  -24385187.714
   76.00  -24385251.784
   76.50  -24385315.573
   77.00  -24385378.992
   77.50  -24385442.091
   78.00  -24385504.891
   78.50  -24385567.374
   79.00  -24385629.550
   79.50  -24385691.383
   80.00  -24385752.863
   80.50  -24385814.103
   81.00  -24385875.037
   81.50  -24385935.680
   82.00  -24385995.977
   82.50  -24386055.931
   83.00  -24386115.578
   83.50  -24386174.848
   84.00  -24386233.789
   84.50  -24386292.515
   85.00  -24386351.006
   85.50  -24386409.192
   86.00  -24386466.999
   86.50  -24386524.552
   87.00  -24386581.744
   87.50  -24386638.627
   88.00  -24386695.212
   88.50  -24386751.485
   89.00  -24386807.422
   89.50  -24386863.071
   90.00  -24386918.437
   90.50  -24386973.518
   91.00  -24387028.397
   91.50  -24387083.004
   92.00  -24387137.379
   92.50  -24387191.523
   93.00  -24387245.442
   93.50  -24387299.161
   94.00  -24387352.714
   94.50  -24387406.055
   95.00  -24387459.198
   95.50  -24387512.179
   96.00  -24387564.981
   96.50  -24387617.619
   97.00  -24387670.050
   97.50  -24387722.361
   98.00  -24387774.567
   98.50  -24387826.637
   99.00  -24387878.569
   99.50  -24387930.420
  100.00  -24387982.229
