Lk surface

Theta = 0.00052

Maximum at 4Ner(region) = 1.000 : Lk = -19572958.811



4Ner(region)   Pairwise Lk

    0.00  -19589662.435
    0.50  -19578627.560
    1.00  -19572958.811
    1.50  -19575264.993
    2.00  -19579290.139
    2.50  -19582517.894
    3.00  -19584492.112
    3.50  -19585420.250
    4.00  -19585644.284
    4.50  -19585442.920
    5.00  -19585025.724
    5.50  -19584557.956
    6.00  -19584159.150
    6.50  -19583894.895
    7.00  -19583790.116
    7.50  -19583843.089
    8.00  -19584030.163
    8.50  -19584323.226
    9.00  -19584688.547
    9.50  -19585096.226
   10.00  -19585518.021
   10.50  -19585930.695
   11.00  -19586318.259
   11.50  -19586669.527
   12.00  -19586980.590
   12.50  -19587249.989
   13.00  -19587480.146
   13.50  -19587675.579
   14.00  -19587840.598
   14.50  -19587979.569
   15.00  -19588097.946
   15.50  -19588199.653
   16.00  -19588287.723
   16.50  -19588365.268
   17.00  -19588433.840
   17.50  -19588496.711
   18.00  -19588555.933
   18.50  -19588611.331
   19.00  -19588664.297
   19.50  -19588716.758
   20.00  -19588769.492
   20.50  -19588823.397
   21.00  -19588878.999
   21.50  -19588937.752
   22.00  -19589000.559
   22.50  -19589067.418
   23.00  -19589139.578
   23.50  -19589217.633
   24.00  -19589300.767
   24.50  -19589388.720
   25.00  -19589481.443
   25.50  -19589578.787
   26.00  -19589680.062
   26.50  -19589784.457
   27.00  -19589890.944
   27.50  -19589998.127
   28.00  -19590105.741
   28.50  -19590212.475
   29.00  -19590317.535
   29.50  -19590420.392
   30.00  -19590520.156
   30.50  -19590616.553
   31.00  -19590709.444
   31.50  -19590798.537
   32.00  -19590883.489
   32.50  -19590964.074
   33.00  -19591040.795
   33.50  -19591113.878
   34.00  -19591183.535
   34.50  -19591249.658
   35.00  -19591312.536
   35.50  -19591372.371
   36.00  -19591429.543
   36.50  -19591484.287
   37.00  -19591536.876
   37.50  -19591587.282
   38.00  -19591635.778
   38.50  -19591682.620
   39.00  -19591727.856
   39.50  -19591771.467
   40.00  -19591813.735
   40.50  -19591854.618
   41.00  -19591894.133
   41.50  -19591932.352
   42.00  -19591969.048
   42.50  -19592004.454
   43.00  -19592038.674
   43.50  -19592071.591
   44.00  -19592103.225
   44.50  -19592133.511
   45.00  -19592162.544
   45.50  -19592190.367
   46.00  -19592216.967
   46.50  -19592242.293
   47.00  -19592266.563
   47.50  -19592289.865
   48.00  -19592312.163
   48.50  -19592333.395
   49.00  -19592353.668
   49.50  -19592373.124
   50.00  -19592391.742
   50.50  -19592409.545
   51.00  -19592426.657
   51.50  -19592443.277
   52.00  -19592459.334
   52.50  -19592474.822
   53.00  -19592489.803
   53.50  -19592504.344
   54.00  -19592518.612
   54.50  -19592532.688
   55.00  -19592546.502
   55.50  -19592560.109
   56.00  -19592573.404
   56.50  -19592586.598
   57.00  -19592599.801
   57.50  -19592613.006
   58.00  -19592626.178
   58.50  -19592639.303
   59.00  -19592652.393
   59.50  -19592665.449
   60.00  -19592678.527
   60.50  -19592691.777
   61.00  -19592705.212
   61.50  -19592718.853
   62.00  -19592732.755
   62.50  -19592746.801
   63.00  -19592761.108
   63.50  -19592775.701
   64.00  -19592790.652
   64.50  -19592805.856
   65.00  -19592821.320
   65.50  -19592837.159
   66.00  -19592853.228
   66.50  -19592869.697
   67.00  -19592886.471
   67.50  -19592903.618
   68.00  -19592921.198
   68.50  -19592939.177
   69.00  -19592957.553
   69.50  -19592976.359
   70.00  -19592995.578
   70.50  -19593015.221
   71.00  -19593035.358
   71.50  -19593055.886
   72.00  -19593076.711
   72.50  -19593097.885
   73.00  -19593119.452
   73.50  -19593141.336
   74.00  -19593163.575
   74.50  -19593186.214
   75.00  -19593209.196
   75.50  -19593232.497
   76.00  -19593256.075
   76.50  -19593279.898
   77.00  -19593304.020
   77.50  -19593328.339
   78.00  -19593352.903
   78.50  -19593377.661
   79.00  -19593402.559
   79.50  -19593427.666
   80.00  -19593452.955
   80.50  -19593478.358
   81.00  -19593503.916
   81.50  -19593529.621
   82.00  -19593555.493
   82.50  -19593581.508
   83.00  -19593607.656
   83.50  -19593633.966
   84.00  -19593660.434
   84.50  -19593687.016
   85.00  -19593713.694
   85.50  -19593740.470
   86.00  -19593767.348
   86.50  -19593794.347
   87.00  -19593821.444
   87.50  -19593848.651
   88.00  -19593876.010
   88.50  -19593903.482
   89.00  -19593931.091
   89.50  -19593958.884
   90.00  -19593986.804
   90.50  -19594014.905
   91.00  -19594043.159
   91.50  -19594071.598
   92.00  -19594100.175
   92.50  -19594128.886
   93.00  -19594157.789
   93.50  -19594186.913
   94.00  -19594216.270
   94.50  -19594245.874
   95.00  -19594275.670
   95.50  -19594305.684
   96.00  -19594335.997
   96.50  -19594366.580
   97.00  -19594397.425
   97.50  -19594428.581
   98.00  -19594460.020
   98.50  -19594491.775
   99.00  -19594523.860
   99.50  -19594556.279
  100.00  -19594589.009
