Lk surface

Theta = 0.00055

Maximum at 4Ner(region) = 0.000 : Lk = -23440420.907



4Ner(region)   Pairwise Lk

    0.00  -23440420.907
    0.50  -23444069.321
    1.00  -23448320.277
    1.50  -23452766.237
    2.00  -23455987.488
    2.50  -23457763.312
    3.00  -23458387.529
    3.50  -23458247.353
    4.00  -23457760.386
    4.50  -23457225.711
    5.00  -23456823.327
    5.50  -23456616.412
    6.00  -23456615.501
    6.50  -23456783.949
    7.00  -23457078.198
    7.50  -23457463.979
    8.00  -23457913.859
    8.50  -23458404.167
    9.00  -23458918.542
    9.50  -23459445.559
   10.00  -23459979.953
   10.50  -23460518.091
   11.00  -23461059.694
   11.50  -23461605.474
   12.00  -23462152.462
   12.50  -23462699.393
   13.00  -23463245.607
   13.50  -23463785.881
   14.00  -23464314.630
   14.50  -23464828.880
   15.00  -23465324.097
   15.50  -23465797.035
   16.00  -23466243.716
   16.50  -23466664.272
   17.00  -23467059.187
   17.50  -23467426.773
   18.00  -23467766.965
   18.50  -23468080.909
   19.00  -23468370.452
   19.50  -23468636.416
   20.00  -23468879.771
   20.50  -23469101.777
   21.00  -23469303.692
   21.50  -23469486.500
   22.00  -23469651.769
   22.50  -23469799.583
   23.00  -23469931.839
   23.50  -23470049.208
   24.00  -23470153.044
   24.50  -23470244.087
   25.00  -23470324.537
   25.50  -23470395.368
   26.00  -23470457.678
   26.50  -23470512.898
   27.00  -23470562.630
   27.50  -23470608.405
   28.00  -23470651.510
   28.50  -23470692.896
   29.00  -23470733.590
   29.50  -23470774.096
   30.00  -23470815.084
   30.50  -23470857.156
   31.00  -23470900.860
   31.50  -23470946.457
   32.00  -23470994.107
   32.50  -23471043.399
   33.00  -23471093.795
   33.50  -23471145.715
   34.00  -23471198.458
   34.50  -23471251.817
   35.00  -23471305.643
   35.50  -23471359.450
   36.00  -23471412.704
   36.50  -23471465.232
   37.00  -23471516.580
   37.50  -23471566.186
   38.00  -23471613.919
   38.50  -23471659.581
   39.00  -23471703.216
   39.50  -23471744.582
   40.00  -23471783.476
   40.50  -23471819.733
   41.00  -23471853.649
   41.50  -23471885.278
   42.00  -23471914.766
   42.50  -23471942.196
   43.00  -23471967.532
   43.50  -23471991.001
   44.00  -23472012.909
   44.50  -23472033.366
   45.00  -23472052.364
   45.50  -23472070.127
   46.00  -23472086.737
   46.50  -23472102.511
   47.00  -23472117.362
   47.50  -23472131.663
   48.00  -23472145.425
   48.50  -23472158.672
   49.00  -23472171.548
   49.50  -23472184.036
   50.00  -23472196.387
   50.50  -23472208.528
   51.00  -23472220.639
   51.50  -23472232.497
   52.00  -23472244.261
   52.50  -23472256.045
   53.00  -23472267.797
   53.50  -23472279.473
   54.00  -23472291.020
   54.50  -23472302.577
   55.00  -23472313.987
   55.50  -23472325.470
   56.00  -23472336.878
   56.50  -23472348.232
   57.00  -23472359.645
   57.50  -23472371.049
   58.00  -23472382.344
   58.50  -23472393.701
   59.00  -23472405.176
   59.50  -23472416.715
   60.00  -23472428.442
   60.50  -23472440.205
   61.00  -23472452.114
   61.50  -23472464.288
   62.00  -23472476.723
   62.50  -23472489.373
   63.00  -23472502.397
   63.50  -23472515.720
   64.00  -23472529.338
   64.50  -23472543.374
   65.00  -23472557.987
   65.50  -23472573.061
   66.00  -23472588.662
   66.50  -23472604.788
   67.00  -23472621.472
   67.50  -23472638.832
   68.00  -23472657.040
   68.50  -23472675.933
   69.00  -23472695.508
   69.50  -23472715.876
   70.00  -23472737.074
   70.50  -23472759.085
   71.00  -23472781.920
   71.50  -23472805.539
   72.00  -23472829.981
   72.50  -23472855.285
   73.00  -23472881.431
   73.50  -23472908.398
   74.00  -23472936.283
   74.50  -23472964.906
   75.00  -23472994.316
   75.50  -23473024.499
   76.00  -23473055.479
   76.50  -23473087.170
   77.00  -23473119.530
   77.50  -23473152.534
   78.00  -23473186.217
   78.50  -23473220.565
   79.00  -23473255.596
   79.50  -23473291.241
   80.00  -23473327.444
   80.50  -23473364.203
   81.00  -23473401.489
   81.50  -23473439.269
   82.00  -23473477.521
   82.50  -23473516.195
   83.00  -23473555.237
   83.50  -23473594.655
   84.00  -23473634.493
   84.50  -23473674.698
   85.00  -23473715.214
   85.50  -23473756.065
   86.00  -23473797.214
   86.50  -23473838.602
   87.00  -23473880.219
   87.50  -23473922.084
   88.00  -23473964.155
   88.50  -23474006.417
   89.00  -23474048.839
   89.50  -23474091.356
   90.00  -23474134.037
   90.50  -23474176.912
   91.00  -23474219.987
   91.50  -23474263.196
   92.00  -23474306.522
   92.50  -23474349.913
   93.00  -23474393.379
   93.50  -23474436.922
   94.00  -23474480.505
   94.50  -23474524.124
   95.00  -23474567.749
   95.50  -23474611.416
   96.00  -23474655.134
   96.50  -23474698.875
   97.00  -23474742.654
   97.50  -23474786.340
   98.00  -23474830.011
   98.50  -23474873.625
   99.00  -23474917.182
   99.50  -23474960.668
  100.00  -23475004.106
