lk,rho,theta_perSite,theta,mu,model_recomb,pw_recomb,pw_to_model_ratio
-22613438.207,7.5,0.00054,223.33698,6e-08,7.2e-11,2.0148924732482724e-09,27.984617684003783
-18506664.229,1.0,0.0005,206.7935,6e-08,7.2e-11,2.9014451614775125e-10,4.029784946496545
-19931151.469,1.0,0.00053,219.20111,6e-08,7.2e-11,2.737212416488219e-10,3.801683911789193
-26790055.541,8.0,0.0006,248.15219999999997,6e-08,7.2e-11,1.934296774318342e-09,26.86523297664364
-24159280.066,0.0,0.00055,227.47285000000002,6e-08,7.2e-11,0.0,0.0
-24746232.519,8.5,0.00058,239.88046,6e-08,7.2e-11,2.126058954530936e-09,29.528596590707448
-22314294.427,1.0,0.00056,231.60871999999998,6e-08,7.2e-11,2.590576037033493e-10,3.5980222736576297
-22427430.41,0.0,0.00056,231.60871999999998,6e-08,7.2e-11,0.0,0.0
-27295303.763,0.0,0.00063,260.55981,6e-08,7.2e-11,0.0,0.0
-23155754.049,1.0,0.00056,231.60871999999998,6e-08,7.2e-11,2.590576037033493e-10,3.5980222736576297
-26543655.603,9.5,0.00061,252.28806999999998,6e-08,7.2e-11,2.2593220519701943e-09,31.37947294403048
-19148866.516,0.0,0.00052,215.06524,6e-08,7.2e-11,0.0,0.0
-19323579.233,8.0,0.00049,202.65762999999998,6e-08,7.2e-11,2.3685266624306226e-09,32.89620364486976
-29425647.478,8.0,0.0006,248.15219999999997,6e-08,7.2e-11,1.934296774318342e-09,26.86523297664364
-18155047.554,1.0,0.0005,206.7935,6e-08,7.2e-11,2.9014451614775125e-10,4.029784946496545
-27631389.715,6.5,0.00058,239.88046,6e-08,7.2e-11,1.6258097887589508e-09,22.580691510540984
-22595285.547,2.5,0.00056,231.60871999999998,6e-08,7.2e-11,6.476440092583734e-10,8.995055684144075
-30653542.498,0.0,0.00064,264.69568000000004,6e-08,7.2e-11,0.0,0.0
-29222130.808,12.5,0.00063,260.55981,6e-08,7.2e-11,2.878417818926103e-09,39.978025262862545
-23440420.907,0.0,0.00055,227.47285000000002,6e-08,7.2e-11,0.0,0.0
-22307592.959,3.5,0.00053,219.20111,6e-08,7.2e-11,9.580243457708767e-10,13.305893691262177
-31259916.764,0.0,0.00063,260.55981,6e-08,7.2e-11,0.0,0.0
-23518636.443,0.5,0.00056,231.60871999999998,6e-08,7.2e-11,1.2952880185167466e-10,1.7990111368288149
-20103021.69,0.5,0.00052,215.06524,6e-08,7.2e-11,1.3949255584026502e-10,1.9373966088925698
-27347611.286,9.0,0.00062,256.42394,6e-08,7.2e-11,2.10588761720142e-09,29.2484391277975
-25112176.538,9.5,0.00057,235.74459,6e-08,7.2e-11,2.417870967897927e-09,33.58154122080454
-32943936.651,0.0,0.00065,268.83155,6e-08,7.2e-11,0.0,0.0
-21869670.446,0.0,0.00055,227.47285000000002,6e-08,7.2e-11,0.0,0.0
-19404031.666,1.0,0.00052,215.06524,6e-08,7.2e-11,2.7898511168053003e-10,3.8747932177851396
-21906454.823,0.5,0.00053,219.20111,6e-08,7.2e-11,1.3686062082441096e-10,1.9008419558945966
-27683452.503,17.0,0.00061,252.28806999999998,6e-08,7.2e-11,4.042997356157189e-09,56.152741057738744
-30668938.108,0.0,0.00068,281.23916,6e-08,7.2e-11,0.0,0.0
-23267762.214,7.5,0.00056,231.60871999999998,6e-08,7.2e-11,1.94293202777512e-09,26.985167052432224
-24242775.003,0.0,0.00056,231.60871999999998,6e-08,7.2e-11,0.0,0.0
-23791417.18,8.0,0.00057,235.74459,6e-08,7.2e-11,2.0361018677035174e-09,28.2791926069933
-26719117.588,7.5,0.00059,244.01633,6e-08,7.2e-11,1.8441388738204525e-09,25.61303991417295
-23833301.274,0.5,0.00058,239.88046,6e-08,7.2e-11,1.2506229144299623e-10,1.7369762700416145
-23216345.013,1.0,0.00057,235.74459,6e-08,7.2e-11,2.5451273346293967e-10,3.5348990758741623
-23596773.522,1.0,0.00056,231.60871999999998,6e-08,7.2e-11,2.590576037033493e-10,3.5980222736576297
-20683484.458,8.0,0.00054,223.33698,6e-08,7.2e-11,2.1492186381314903e-09,29.850258862937366
-26947685.545,7.0,0.00058,239.88046,6e-08,7.2e-11,1.750872080201947e-09,24.3176677805826
-31796361.935,8.5,0.00063,260.55981,6e-08,7.2e-11,1.9573241168697502e-09,27.185057178746533
-22072744.928,2.0,0.00054,223.33698,6e-08,7.2e-11,5.373046595328726e-10,7.4625647157343415
-22347704.296,0.0,0.00055,227.47285000000002,6e-08,7.2e-11,0.0,0.0
-28514941.844,1.0,0.0006,248.15219999999997,6e-08,7.2e-11,2.4178709678979275e-10,3.358154122080455
-18975839.607,0.0,0.00051,210.92937,6e-08,7.2e-11,0.0,0.0
-25324950.593,0.0,0.00057,235.74459,6e-08,7.2e-11,0.0,0.0
-20915552.707,1.0,0.00054,223.33698,6e-08,7.2e-11,2.686523297664363e-10,3.7312823578671708
-22169034.899,4.0,0.00054,223.33698,6e-08,7.2e-11,1.0746093190657451e-09,14.925129431468683
-31296819.568,3.0,0.00063,260.55981,6e-08,7.2e-11,6.908202765422648e-10,9.59472606308701
-21200871.003,1.0,0.00055,227.47285000000002,6e-08,7.2e-11,2.637677419525011e-10,3.663440860451404
-24043533.088,0.5,0.00057,235.74459,6e-08,7.2e-11,1.2725636673146984e-10,1.7674495379370811
-21055084.382,10.5,0.00055,227.47285000000002,6e-08,7.2e-11,2.7695612905012618e-09,38.46612903473975
-24027914.963,0.0,0.00056,231.60871999999998,6e-08,7.2e-11,0.0,0.0
-23229246.876,1.0,0.00055,227.47285000000002,6e-08,7.2e-11,2.637677419525011e-10,3.663440860451404
-21666923.573,1.0,0.00056,231.60871999999998,6e-08,7.2e-11,2.590576037033493e-10,3.5980222736576297
-31532934.074,1.5,0.00065,268.83155,6e-08,7.2e-11,3.3478213401663606e-10,4.649751861342168
-26399007.961,14.5,0.00059,244.01633,6e-08,7.2e-11,3.5653351560528752e-09,49.518543834067714
-23127708.66,1.0,0.00057,235.74459,6e-08,7.2e-11,2.5451273346293967e-10,3.5348990758741623
-26163695.681,1.0,0.00059,244.01633,6e-08,7.2e-11,2.4588518317606036e-10,3.415071988556394
-20453152.151,0.0,0.00053,219.20111,6e-08,7.2e-11,0.0,0.0
-19694638.329,8.5,0.00053,219.20111,6e-08,7.2e-11,2.3266305540149862e-09,32.314313250208144
-22164264.649,6.5,0.00054,223.33698,6e-08,7.2e-11,1.7462401434818362e-09,24.253335326136614
-24362434.216,1.0,0.00056,231.60871999999998,6e-08,7.2e-11,2.590576037033493e-10,3.5980222736576297
-19572958.811,1.0,0.00052,215.06524,6e-08,7.2e-11,2.7898511168053003e-10,3.8747932177851396
-28326626.255,1.0,0.00062,256.42394,6e-08,7.2e-11,2.3398751302238003e-10,3.249826569755278
-16098926.458,0.0,0.00046,190.25002,6e-08,7.2e-11,0.0,0.0
-24369184.674,1.0,0.00058,239.88046,6e-08,7.2e-11,2.5012458288599246e-10,3.473952540083229
-20472853.945,0.0,0.00052,215.06524,6e-08,7.2e-11,0.0,0.0
-21998140.175,7.5,0.00055,227.47285000000002,6e-08,7.2e-11,1.9782580646437582e-09,27.475806453385534
-20655461.04,0.0,0.00053,219.20111,6e-08,7.2e-11,0.0,0.0
-21394560.128,10.0,0.00052,215.06524,6e-08,7.2e-11,2.7898511168053e-09,38.74793217785139
-19765508.778,8.5,0.00052,215.06524,6e-08,7.2e-11,2.3713734492845054e-09,32.93574235117369
-25694065.766,0.0,0.00056,231.60871999999998,6e-08,7.2e-11,0.0,0.0
-23396184.906,1.0,0.00056,231.60871999999998,6e-08,7.2e-11,2.590576037033493e-10,3.5980222736576297
-19239281.657,1.0,0.00051,210.92937,6e-08,7.2e-11,2.844554079879914e-10,3.95076955538877
-17998941.191,1.5,0.00049,202.65762999999998,6e-08,7.2e-11,4.4409874920574176e-10,6.16803818341308
-22913946.24,4.0,0.00056,231.60871999999998,6e-08,7.2e-11,1.0362304148133973e-09,14.392089094630519
-22867743.167,0.0,0.00057,235.74459,6e-08,7.2e-11,0.0,0.0
-22307441.67,1.0,0.00055,227.47285000000002,6e-08,7.2e-11,2.637677419525011e-10,3.663440860451404
-27777515.44,8.0,0.00062,256.42394,6e-08,7.2e-11,1.8719001041790403e-09,25.998612558042225
-22972543.058,1.0,0.00056,231.60871999999998,6e-08,7.2e-11,2.590576037033493e-10,3.5980222736576297
-25517882.101,8.0,0.00061,252.28806999999998,6e-08,7.2e-11,1.902586991132795e-09,26.424819321288822
-21268545.243,0.0,0.00056,231.60871999999998,6e-08,7.2e-11,0.0,0.0
-23133638.885,0.0,0.00055,227.47285000000002,6e-08,7.2e-11,0.0,0.0
-24116510.814,1.0,0.00054,223.33698,6e-08,7.2e-11,2.686523297664363e-10,3.7312823578671708
-17575503.106,1.0,0.00049,202.65762999999998,6e-08,7.2e-11,2.960658328038278e-10,4.11202545560872
-22687707.719,1.0,0.00056,231.60871999999998,6e-08,7.2e-11,2.590576037033493e-10,3.5980222736576297
-21326083.053,2.5,0.00053,219.20111,6e-08,7.2e-11,6.843031041220548e-10,9.504209779472983
-27644021.883,0.0,0.00062,256.42394,6e-08,7.2e-11,0.0,0.0
-20559400.077,3.0,0.00054,223.33698,6e-08,7.2e-11,8.05956989299309e-10,11.193847073601514
-28794866.238,0.0,0.00065,268.83155,6e-08,7.2e-11,0.0,0.0
-26485155.107,0.0,0.00059,244.01633,6e-08,7.2e-11,0.0,0.0
-17319994.187,8.5,0.00049,202.65762999999998,6e-08,7.2e-11,2.5165595788325368e-09,34.95221637267412
-24765961.574,0.0,0.00057,235.74459,6e-08,7.2e-11,0.0,0.0
-26942832.107,1.0,0.0006,248.15219999999997,6e-08,7.2e-11,2.4178709678979275e-10,3.358154122080455
-21396057.238,1.0,0.00054,223.33698,6e-08,7.2e-11,2.686523297664363e-10,3.7312823578671708
-22121714.386,1.0,0.00056,231.60871999999998,6e-08,7.2e-11,2.590576037033493e-10,3.5980222736576297
-26581549.93,1.0,0.00057,235.74459,6e-08,7.2e-11,2.5451273346293967e-10,3.5348990758741623
-23816527.375,0.0,0.00056,231.60871999999998,6e-08,7.2e-11,0.0,0.0
