lk,rho,theta_perSite,theta,mu,model_recomb,pw_recomb,pw_to_model_ratio
-481136.235,0.0,5e-05,20.67935,6e-08,7.2e-11,0.0,0.0
-614299.885,0.0,6e-05,24.81522,6e-08,7.2e-11,0.0,0.0
-664365.25,0.0,6e-05,24.81522,6e-08,7.2e-11,0.0,0.0
-736237.754,0.0,7e-05,28.951089999999997,6e-08,7.2e-11,0.0,0.0
-722563.761,0.0,7e-05,28.951089999999997,6e-08,7.2e-11,0.0,0.0
-644562.071,0.5,6e-05,24.81522,6e-08,7.2e-11,1.2089354839489634e-09,16.79077061040227
-282526.383,0.0,4e-05,16.543480000000002,6e-08,7.2e-11,0.0,0.0
-420777.317,0.0,5e-05,20.67935,6e-08,7.2e-11,0.0,0.0
-565943.197,0.0,7e-05,28.951089999999997,6e-08,7.2e-11,0.0,0.0
-1080383.081,0.0,8e-05,33.086960000000005,6e-08,7.2e-11,0.0,0.0
-1362655.929,0.0,9e-05,37.22283,6e-08,7.2e-11,0.0,0.0
-756277.268,0.0,7e-05,28.951089999999997,6e-08,7.2e-11,0.0,0.0
-807578.674,0.0,8e-05,33.086960000000005,6e-08,7.2e-11,0.0,0.0
-1588324.219,0.0,0.0001,41.3587,6e-08,7.2e-11,0.0,0.0
-803617.423,0.0,7e-05,28.951089999999997,6e-08,7.2e-11,0.0,0.0
-868965.902,0.0,8e-05,33.086960000000005,6e-08,7.2e-11,0.0,0.0
-322447.916,0.0,5e-05,20.67935,6e-08,7.2e-11,0.0,0.0
-636744.356,0.0,6e-05,24.81522,6e-08,7.2e-11,0.0,0.0
-360756.485,0.0,5e-05,20.67935,6e-08,7.2e-11,0.0,0.0
-334397.383,1.0,5e-05,20.67935,6e-08,7.2e-11,2.901445161477512e-09,40.297849464965445
-850310.006,0.0,7e-05,28.951089999999997,6e-08,7.2e-11,0.0,0.0
-380690.992,1.5,6e-05,24.81522,6e-08,7.2e-11,3.6268064518468903e-09,50.372311831206815
-846070.153,0.0,7e-05,28.951089999999997,6e-08,7.2e-11,0.0,0.0
-677177.459,0.0,7e-05,28.951089999999997,6e-08,7.2e-11,0.0,0.0
-626929.099,0.5,7e-05,28.951089999999997,6e-08,7.2e-11,1.0362304148133973e-09,14.392089094630519
-410063.533,0.0,5e-05,20.67935,6e-08,7.2e-11,0.0,0.0
-470062.01,0.0,6e-05,24.81522,6e-08,7.2e-11,0.0,0.0
-565981.991,1.0,7e-05,28.951089999999997,6e-08,7.2e-11,2.0724608296267946e-09,28.784178189261038
-787723.77,0.0,7e-05,28.951089999999997,6e-08,7.2e-11,0.0,0.0
-979654.167,0.0,7e-05,28.951089999999997,6e-08,7.2e-11,0.0,0.0
-282182.274,0.0,5e-05,20.67935,6e-08,7.2e-11,0.0,0.0
-518775.521,0.5,6e-05,24.81522,6e-08,7.2e-11,1.2089354839489634e-09,16.79077061040227
-534220.218,0.0,6e-05,24.81522,6e-08,7.2e-11,0.0,0.0
-587920.907,0.0,6e-05,24.81522,6e-08,7.2e-11,0.0,0.0
-427726.921,0.0,5e-05,20.67935,6e-08,7.2e-11,0.0,0.0
-453051.142,1.0,6e-05,24.81522,6e-08,7.2e-11,2.417870967897927e-09,33.58154122080454
-584263.487,0.0,6e-05,24.81522,6e-08,7.2e-11,0.0,0.0
-255098.145,0.0,5e-05,20.67935,6e-08,7.2e-11,0.0,0.0
-301604.066,0.0,5e-05,20.67935,6e-08,7.2e-11,0.0,0.0
-2343921.663,0.0,0.00011,45.49457,6e-08,7.2e-11,0.0,0.0
-521291.34,0.0,6e-05,24.81522,6e-08,7.2e-11,0.0,0.0
-285463.882,0.0,4e-05,16.543480000000002,6e-08,7.2e-11,0.0,0.0
-308012.114,0.0,4e-05,16.543480000000002,6e-08,7.2e-11,0.0,0.0
-457721.024,0.5,6e-05,24.81522,6e-08,7.2e-11,1.2089354839489634e-09,16.79077061040227
-346008.899,0.5,5e-05,20.67935,6e-08,7.2e-11,1.450722580738756e-09,20.148924732482723
-1407379.749,0.0,9e-05,37.22283,6e-08,7.2e-11,0.0,0.0
-194925.824,1.0,4e-05,16.543480000000002,6e-08,7.2e-11,3.62680645184689e-09,50.37231183120681
-517930.281,0.0,6e-05,24.81522,6e-08,7.2e-11,0.0,0.0
-324421.456,0.0,5e-05,20.67935,6e-08,7.2e-11,0.0,0.0
-632897.449,0.0,6e-05,24.81522,6e-08,7.2e-11,0.0,0.0
-522698.892,0.0,6e-05,24.81522,6e-08,7.2e-11,0.0,0.0
-627858.328,1.0,7e-05,28.951089999999997,6e-08,7.2e-11,2.0724608296267946e-09,28.784178189261038
-1139584.273,0.0,8e-05,33.086960000000005,6e-08,7.2e-11,0.0,0.0
-537889.719,0.0,6e-05,24.81522,6e-08,7.2e-11,0.0,0.0
-219552.245,0.0,4e-05,16.543480000000002,6e-08,7.2e-11,0.0,0.0
-205719.523,0.0,4e-05,16.543480000000002,6e-08,7.2e-11,0.0,0.0
-443291.102,0.0,6e-05,24.81522,6e-08,7.2e-11,0.0,0.0
-387758.49,0.0,5e-05,20.67935,6e-08,7.2e-11,0.0,0.0
-925895.566,0.0,8e-05,33.086960000000005,6e-08,7.2e-11,0.0,0.0
-172050.804,0.0,4e-05,16.543480000000002,6e-08,7.2e-11,0.0,0.0
-847532.521,1.0,9e-05,37.22283,6e-08,7.2e-11,1.611913978598618e-09,22.387694147203028
-1292455.647,0.5,0.0001,41.3587,6e-08,7.2e-11,7.25361290369378e-10,10.074462366241361
-696166.977,0.0,7e-05,28.951089999999997,6e-08,7.2e-11,0.0,0.0
-350360.55,0.0,5e-05,20.67935,6e-08,7.2e-11,0.0,0.0
-430561.172,1.0,5e-05,20.67935,6e-08,7.2e-11,2.901445161477512e-09,40.297849464965445
-948628.644,0.0,7e-05,28.951089999999997,6e-08,7.2e-11,0.0,0.0
-681728.712,0.0,6e-05,24.81522,6e-08,7.2e-11,0.0,0.0
-287920.223,0.0,5e-05,20.67935,6e-08,7.2e-11,0.0,0.0
-528321.827,0.5,6e-05,24.81522,6e-08,7.2e-11,1.2089354839489634e-09,16.79077061040227
-481675.936,1.0,6e-05,24.81522,6e-08,7.2e-11,2.417870967897927e-09,33.58154122080454
-236799.455,1.0,5e-05,20.67935,6e-08,7.2e-11,2.901445161477512e-09,40.297849464965445
-1138537.917,0.0,8e-05,33.086960000000005,6e-08,7.2e-11,0.0,0.0
-105457.176,3.0,3e-05,12.40761,6e-08,7.2e-11,1.4507225807387561e-08,201.48924732482726
-267825.225,0.0,5e-05,20.67935,6e-08,7.2e-11,0.0,0.0
-681295.27,1.0,7e-05,28.951089999999997,6e-08,7.2e-11,2.0724608296267946e-09,28.784178189261038
-140984.177,1.0,3e-05,12.40761,6e-08,7.2e-11,4.835741935795854e-09,67.16308244160908
-188801.786,0.0,5e-05,20.67935,6e-08,7.2e-11,0.0,0.0
-438487.441,0.0,5e-05,20.67935,6e-08,7.2e-11,0.0,0.0
-998080.008,0.0,8e-05,33.086960000000005,6e-08,7.2e-11,0.0,0.0
-375363.288,0.0,5e-05,20.67935,6e-08,7.2e-11,0.0,0.0
-347513.031,0.5,5e-05,20.67935,6e-08,7.2e-11,1.450722580738756e-09,20.148924732482723
-430172.297,0.0,6e-05,24.81522,6e-08,7.2e-11,0.0,0.0
-544192.49,0.0,6e-05,24.81522,6e-08,7.2e-11,0.0,0.0
-339462.057,1.5,5e-05,20.67935,6e-08,7.2e-11,4.352167742216269e-09,60.44677419744818
-698494.709,0.0,8e-05,33.086960000000005,6e-08,7.2e-11,0.0,0.0
-1095666.857,0.0,8e-05,33.086960000000005,6e-08,7.2e-11,0.0,0.0
-685075.584,0.0,7e-05,28.951089999999997,6e-08,7.2e-11,0.0,0.0
-891257.681,0.0,8e-05,33.086960000000005,6e-08,7.2e-11,0.0,0.0
-654164.401,0.0,6e-05,24.81522,6e-08,7.2e-11,0.0,0.0
-1461083.082,0.0,9e-05,37.22283,6e-08,7.2e-11,0.0,0.0
-1622992.071,0.0,9e-05,37.22283,6e-08,7.2e-11,0.0,0.0
-463528.792,1.0,6e-05,24.81522,6e-08,7.2e-11,2.417870967897927e-09,33.58154122080454
-242118.802,0.0,4e-05,16.543480000000002,6e-08,7.2e-11,0.0,0.0
-833098.929,1.0,8e-05,33.086960000000005,6e-08,7.2e-11,1.813403225923445e-09,25.186155915603404
-249364.956,0.0,4e-05,16.543480000000002,6e-08,7.2e-11,0.0,0.0
-825538.497,0.5,7e-05,28.951089999999997,6e-08,7.2e-11,1.0362304148133973e-09,14.392089094630519
-390856.914,1.0,5e-05,20.67935,6e-08,7.2e-11,2.901445161477512e-09,40.297849464965445
-612602.198,0.0,6e-05,24.81522,6e-08,7.2e-11,0.0,0.0
-547354.263,1.0,6e-05,24.81522,6e-08,7.2e-11,2.417870967897927e-09,33.58154122080454
-564923.874,0.0,5e-05,20.67935,6e-08,7.2e-11,0.0,0.0
